0 A 105 99 B 160 9 C 8 135 D 94 20 E 99 99 F 152 117 G 0 0 H 124 154 I 108 183 J 60 60 K 73 99 L 111 34 4 0 4
1 A 179 159 B 167 162 C 191 186 D 159 189 E 199 199 F 18 183 G 0 0 H 163 111 I 154 8 J 60 60 K 91 80 L 14 93 5 0 5
2 A 29 55 B 163 133 C 170 85 D 77 164 E 199 199 F 70 138 G 0 0 H 46 107 I 152 156 J 60 60 K 75 85 L 60 70 5 0 5
3 A 154 132 B 141 197 C 13 150 D 155 181 E 199 99 F 146 119 G 0 0 H 129 63 I 31 31 J 60 60 K 79 74 L 46 190 5 0 5
4 A 165 15 B 194 85 C 112 190 D 84 13 E 199 199 F 53 183 G 0 0 H 153 193 I 152 163 J 60 60 K 70 74 L 194 121 5 0 5
5 A 39 168 B 142 108 C 169 50 D 56 191 E 199 99 F 187 8 G 0 0 H 131 138 I 43 81 J 60 60 K 97 96 L 15 49 5 0 5
6 A 195 177 B 60 119 C 83 117 D 198 11 E 199 199 F 181 198 G 0 0 H 93 135 I 119 97 J 60 60 K 85 79 L 149 72 5 0 5
7 A 17 63 B 21 74 C 169 131 D 188 127 E 199 99 F 135 138 G 0 0 H 184 96 I 117 1 J 60 60 K 96 88 L 70 28 5 0 5
8 A 56 85 B 67 120 C 27 105 D 100 79 E 99 199 F 42 173 G 0 0 H 109 70 I 172 105 J 60 60 K 95 97 L 176 65 5 0 5
9 A 163 152 B 77 75 C 46 4 D 35 155 E 99 199 F 163 89 G 0 0 H 46 107 I 104 106 J 60 60 K 90 74 L 158 169 5 0 5
10 A 8 66 B 86 64 C 63 107 D 83 10 E 199 199 F 22 98 G 0 0 H 156 138 I 112 141 J 60 60 K 88 87 L 100 164 5 0 5
12 A 179 55 B 162 133 C 191 170 D 189 164 E 199 199 F 18 138 G 0 0 H 163 46 I 154 156 J 60 60 K 80 75 L 14 70 4 1 5
13 A 165 39 B 194 108 C 112 50 D 13 191 E 199 199 F 53 187 y 50 0 H 193 131 I 163 43 J 60 60 K 74 96 L 194 49 4 1 5
14 A 56 17 B 67 74 C 105 169 D 79 188 E 199 99 F 173 138 G 0 0 H 70 184 I 105 1 J 60 60 K 97 96 L 176 70 4 1 5
15 A 163 8 t 127 64 C 46 107 D 155 10 E 99 199 F 163 98 G 0 0 H 107 156 I 106 112 J 60 60 K 74 87 L 158 164 4 1 5
16 A 179 55 B 162 133 C 191 170 D 189 164 E 199 199 F 18 70 G 0 0 H 163 46 I 8 152 J 60 60 K 80 75 L 14 70 3 2 5
17 A 15 168 B 194 142 C 112 169 D 84 191 E 199 199 F 183 8 G 0 0 H 153 138 I 152 43 J 60 60 K 74 96 L 121 15 3 2 5
18 A 85 56 B 67 67 C 27 105 D 100 79 E 199 99 F 173 138 G 0 0 H 70 70 I 105 1 J 60 60 K 95 97 L 176 176 3 2 5
19 A 165 177 B 108 119 C 50 117 D 13 11 E 199 199 F 187 198 G 0 0 H 193 135 I 163 119 J 60 60 K 74 79 ~ 144 149 3 2 5
20 A 179 29 B 167 133 C 186 85 D 189 164 E 199 199 F 183 70 G 0 0 H 163 107 I 8 152 J 60 60 K 91 85 L 14 60 2 3 5
21 A 165 168 B 85 142 C 190 50 D 13 56 E 199 99 F 183 187 G 0 0 H 153 138 I 163 43 J 60 60 } 120 97 L 194 49 2 3 5
22 A 85 56 B 67 67 C 27 105 D 79 100 E 99 199 x 123 173 G 0 0 H 70 70 I 172 1 J 60 60 K 95 95 L 176 176 2 3 5
23 s 89 165 B 108 119 C 50 50 D 13 13 E 199 199 F 187 187 G 0 0 H 193 135 I 43 119 J 60 60 K 74 74 L 49 149 2 3 5
24 A 159 99 B 162 9 C 191 135 D 159 20 E 199 99 F 18 117 G 0 0 H 111 124 I 154 108 J 60 60 K 91 99 L 93 111 1 4 5
25 A 15 165 B 194 142 C 112 190 D 84 56 E 199 99 F 53 187 G 0 0 H 193 153 I 152 43 J 60 60 K 74 97 L 121 49 1 4 5
26 A 39 39 B 108 108 C 50 112 D 56 191 E 199 199 F 8 53 G 0 0 H 131 131 I 43 43 J 60 60 } 146 74 L 49 49 1 4 5
27 A 56 85 B 67 67 C 27 27 D 100 100 E 199 199 F 42 173 G 0 0 H 70 70 I 172 105 J 60 60 K 97 95 L 65 176 1 4 5
28 A 56 177 B 67 108 C 169 50 D 188 11 E 99 199 F 138 198 G 0 0 H 184 135 I 1 163 J 60 60 K 97 79 ~ 120 144 1 4 5
29 A 179 179 B 133 162 C 186 191 D 164 189 E 199 199 F 183 18 G 0 0 H 107 46 I 8 152 J 60 60 } 135 80 L 14 70 1 4 5
30 A 85 163 B 67 64 C 105 107 D 100 10 E 99 199 F 173 163 G 0 0 H 70 156 I 172 112 J 60 60 } 145 87 L 176 164 1 4 5
