4 A 107 86 B 117 22 C 94 33 D 68 189 E 81 56 F 184 82 G 193 190 H 193 73 I 63 19 J 39 8 K 175 154 L 154 167 4 0 4
6 A 157 191 B 19 115 C 86 119 D 130 148 E 1 84 F 171 196 G 33 100 H 27 163 I 133 33 J 145 94 K 163 56 L 116 45 4 0 4
7 A 109 81 B 154 23 C 195 148 D 176 79 E 178 81 F 53 30 G 9 178 H 110 70 I 82 87 J 132 39 K 100 48 L 148 107 4 0 4
0 A 3 121 B 143 97 C 89 196 D 24 151 E 124 25 F 97 72 G 125 144 H 107 164 I 99 156 J 47 117 K 139 118 L 47 0 5 0 5
1 A 62 128 B 1 146 C 196 148 D 94 35 E 86 3 F 49 83 G 66 182 H 71 130 I 109 94 J 165 25 K 125 182 L 112 131 5 0 5
2 A 87 138 B 156 14 C 44 63 D 181 188 E 112 126 F 22 35 G 164 79 H 65 87 I 53 69 J 57 12 K 94 15 L 53 175 5 0 5
3 A 144 49 B 145 34 C 123 85 D 57 30 E 123 174 F 52 17 G 7 72 H 158 40 I 81 94 J 123 74 K 84 68 L 147 148 5 0 5
5 A 95 48 B 36 195 C 49 184 D 54 158 E 128 73 F 26 166 G 193 156 H 114 194 I 40 38 J 142 25 K 138 122 L 140 71 5 0 5
8 A 83 29 B 152 22 C 100 128 D 125 128 E 109 151 F 176 110 G 157 61 H 116 157 I 7 157 J 43 160 K 6 143 L 100 62 5 0 5
9 A 75 181 B 26 48 C 49 53 D 84 53 E 0 194 F 41 134 G 153 97 H 99 187 I 56 14 J 181 140 K 114 114 L 42 1 5 0 5
10 A 52 194 B 109 187 C 134 7 D 104 13 E 34 7 F 115 42 G 83 147 H 132 102 I 87 17 J 35 199 K 139 119 L 23 150 5 0 5
12 A 48 86 B 195 22 C 184 94 D 54 68 E 128 56 F 26 82 G 193 190 H 114 73 I 40 19 J 25 39 K 122 175 L 140 167 5 0 5
13 A 86 95 B 22 195 C 94 49 D 189 158 E 81 128 F 82 166 G 190 193 H 193 194 I 63 40 J 39 25 K 175 122 L 154 140 4 1 5
14 A 29 109 B 152 154 C 100 195 D 128 176 E 151 81 F 176 30 G 61 9 H 157 70 I 7 82 J 160 132 K 6 100 L 62 107 4 1 5
15 A 107 48 B 117 195 C 94 184 D 189 158 E 81 128 F 82 26 G 190 193 H 73 114 I 19 38 J 8 25 K 154 138 L 167 140 3 2 5
16 A 86 191 B 22 19 C 184 86 D 54 148 E 128 1 F 26 196 G 190 100 H 114 27 I 19 133 J 39 145 K 122 56 L 140 45 3 2 5
17 A 29 75 B 154 26 C 195 53 D 128 53 E 81 194 F 176 134 G 61 153 H 157 187 I 7 56 J 132 140 K 6 114 L 107 1 3 2 5
18 A 86 49 B 22 34 C 33 85 D 189 57 E 81 174 F 82 52 G 193 7 H 73 158 I 19 94 J 8 123 K 175 84 L 167 147 2 3 5
19 A 48 95 B 36 22 C 49 49 D 54 189 E 73 128 F 26 166 G 193 190 H 194 194 I 40 40 J 25 25 K 138 175 L 140 140 2 3 5
20 A 109 191 B 154 22 C 148 184 D 176 54 E 178 1 F 53 26 G 9 100 H 110 114 I 82 19 J 39 145 K 48 122 L 107 45 2 3 5
21 A 29 181 B 152 26 C 128 49 D 125 84 E 151 0 F 110 134 G 157 97 H 157 99 I 7 14 J 160 181 K 143 114 L 62 42 2 3 5
22 A 107 86 B 195 22 C 94 94 D 189 68 E 128 56 F 82 26 G 193 193 H 114 73 I 19 19 J 25 25 K 138 122 L 167 167 2 3 5
23 A 75 52 B 26 187 C 53 7 D 53 104 E 194 7 F 176 115 G 153 83 H 157 102 I 56 17 J 132 199 K 6 139 L 107 23 2 3 5
24 A 144 87 B 34 156 C 85 63 D 57 188 E 174 112 F 52 35 G 7 79 H 40 87 I 94 53 J 123 57 K 68 15 L 148 53 1 4 5
25 A 107 48 B 22 195 C 94 94 D 189 158 E 56 81 F 184 26 G 190 193 H 73 114 I 63 19 J 8 8 K 175 138 L 167 140 1 4 5
26 A 48 86 B 195 195 C 49 94 D 158 68 E 128 128 F 26 82 G 193 190 H 194 114 I 38 19 J 25 39 K 138 122 L 71 167 1 4 5
27 A 75 75 B 48 26 C 53 195 D 53 128 E 194 81 F 134 176 G 97 61 H 187 187 I 14 7 J 181 140 K 114 114 L 1 1 1 4 5
28 A 29 29 B 152 26 C 100 128 D 128 84 E 81 151 F 30 134 G 9 157 H 70 157 I 7 7 J 132 181 K 100 114 L 107 42 1 4 5
29 A 48 86 B 22 22 C 49 94 D 54 189 E 128 56 F 26 82 G 193 193 H 194 73 I 40 19 J 25 25 K 138 122 L 140 167 1 4 5
