0 A 144 45 B 27 14 C 165 92 D 65 164 E 71 89 F 137 182 G 199 99 H 82 132 I 57 83 J 0 0 K 104 116 L 60 60 5 0 5
1 A 173 0 B 40 195 C 188 108 D 20 8 E 71 89 F 155 21 G 199 199 H 53 140 I 149 20 J 0 0 K 172 189 L 60 60 5 0 5
2 A 195 137 B 55 41 C 192 65 D 153 54 E 70 88 F 158 20 G 99 99 H 189 80 I 113 99 J 0 0 K 47 89 L 60 60 5 0 5
3 A 103 180 B 15 187 C 97 64 D 168 30 E 77 74 F 2 173 G 99 199 H 142 148 I 116 73 J 0 0 K 68 71 L 60 60 5 0 5
4 A 20 46 B 86 184 C 49 77 D 129 50 E 90 93 F 61 175 G 199 99 H 134 55 I 58 112 J 0 0 K 110 174 L 60 60 5 0 5
5 A 11 95 B 111 155 C 119 36 D 41 66 E 95 84 F 23 41 G 199 199 H 123 156 I 49 29 J 0 0 K 133 111 L 60 60 5 0 5
6 A 157 34 B 89 105 C 90 110 D 168 145 E 94 92 F 75 87 G 99 199 H 91 91 I 38 193 J 0 0 K 49 3 L 60 60 5 0 5
7 A 178 71 B 121 154 C 124 116 D 8 30 E 78 82 F 80 9 G 199 199 H 152 192 I 125 133 J 0 0 K 147 66 L 60 60 5 0 5
8 A 98 11 B 127 6 C 31 180 D 87 141 E 83 91 F 38 10 G 199 199 H 188 95 I 21 63 J 0 0 K 103 154 L 60 60 5 0 5
9 A 97 135 B 122 176 C 138 39 D 103 162 E 78 93 F 78 122 G 99 99 H 96 133 I 43 102 J 0 0 K 106 82 L 60 60 5 0 5
10 A 164 74 B 32 149 C 102 136 D 63 125 E 93 97 F 150 192 G 199 99 H 148 100 I 52 129 J 0 0 K 158 191 L 60 60 5 0 5
12 A 34 178 B 89 121 C 90 116 D 168 30 E 94 78 F 87 9 G 199 199 H 91 192 I 38 125 | 50 0 K 49 147 L 60 60 4 1 5
13 A 34 71 B 89 121 C 90 124 D 145 30 E 92 82 F 87 80 G 199 199 H 91 192 I 193 133 J 0 0 K 3 66 L 60 60 3 2 5
14 A 157 178 B 89 121 C 110 124 D 145 8 E 94 78 F 75 80 y 149 199 H 91 152 I 193 133 J 0 0 K 3 147 L 60 60 2 3 5
15 A 71 98 B 89 6 C 90 180 D 30 141 E 82 91 F 87 38 G 199 199 H 192 188 I 133 21 J 0 0 K 66 103 L 60 60 2 3 5
16 A 157 34 B 105 121 u 140 90 D 168 30 E 92 82 F 75 80 G 99 199 H 91 192 I 193 133 J 0 0 K 49 3 L 60 60 1 4 5
17 A 98 34 B 127 121 u 130 90 D 87 168 E 91 78 F 10 87 G 199 199 H 95 91 I 63 125 J 0 0 K 154 147 L 60 60 1 4 5
