4 A 10 1 B 162 68 C 174 75 D 110 167 E 86 83 F 0 0 G 82 115 H 60 60 I 93 101 J 99 99 K 62 147 L 108 104 2 0 2
1 A 28 142 B 1 166 C 60 194 D 72 194 E 89 83 F 0 0 G 43 9 H 60 60 I 103 84 J 199 99 K 184 176 L 199 84 3 0 3
5 A 163 147 B 98 67 C 124 130 D 0 75 E 73 80 F 0 0 G 60 109 H 60 60 I 183 174 J 199 99 K 190 74 L 178 103 3 0 3
6 A 33 24 B 181 113 C 179 44 D 24 34 E 99 92 F 0 0 G 65 79 H 60 60 I 146 71 J 199 99 K 73 169 L 193 141 3 0 3
8 A 60 150 B 178 122 C 182 171 D 114 29 E 82 91 F 0 0 G 164 81 H 60 60 I 21 131 J 199 99 K 191 71 L 103 2 3 0 3
9 A 134 107 B 97 167 C 47 134 D 28 30 E 78 81 F 0 0 G 65 23 H 60 60 I 126 65 J 99 199 K 154 164 L 52 192 3 0 3
10 A 82 122 B 35 48 C 0 68 D 16 108 E 85 88 F 0 0 G 150 56 H 60 60 I 158 192 J 99 99 K 73 192 L 95 51 3 0 3
0 A 190 181 B 105 151 C 34 182 D 62 98 E 88 73 F 0 0 G 78 33 H 60 60 I 36 44 J 99 99 K 197 167 L 110 82 4 0 4
2 A 49 178 B 90 41 C 153 144 D 108 14 E 80 99 F 0 0 G 183 39 H 60 60 I 145 193 J 99 99 K 197 150 L 64 4 4 0 4
3 A 169 39 B 5 9 C 18 156 D 84 149 E 81 75 F 0 0 G 159 12 H 60 60 I 138 179 J 199 99 K 41 186 L 134 84 4 0 4
7 A 78 80 B 41 6 C 27 27 D 90 31 E 89 76 F 0 0 G 91 170 H 60 60 I 6 165 J 199 99 K 151 133 L 151 3 4 0 4
