6 A 15 119 B 156 151 C 186 20 D 169 166 E 96 96 F 166 118 G 187 107 H 60 60 I 195 13 J 99 199 K 56 59 L 0 0 4 0 4
8 A 6 2 B 100 105 C 182 149 D 82 118 E 80 76 F 88 79 G 185 58 H 60 60 I 136 67 J 199 199 K 99 93 L 0 0 4 0 4
0 A 117 193 B 46 128 C 44 98 D 80 16 E 79 92 F 59 106 G 130 92 H 60 60 I 169 160 J 99 99 K 130 80 L 0 0 5 0 5
1 A 43 67 B 135 80 C 111 30 D 3 5 E 98 83 F 182 48 G 36 37 H 60 60 I 127 87 J 199 99 K 135 88 L 0 0 5 0 5
2 A 176 78 B 3 103 C 126 99 D 106 162 E 98 72 F 56 62 G 144 148 H 60 60 I 59 51 J 199 99 K 91 69 L 0 0 5 0 5
3 A 94 94 B 40 140 C 44 155 D 103 92 E 70 85 F 59 72 G 126 173 H 60 60 I 37 44 J 99 199 K 62 67 L 0 0 5 0 5
4 A 166 152 B 189 114 C 165 166 D 170 133 E 97 82 F 107 34 G 91 173 H 60 60 I 175 96 J 199 99 K 115 117 L 0 0 5 0 5
5 A 174 185 B 46 113 C 140 53 D 123 76 E 77 71 F 91 59 G 177 194 H 60 60 I 45 150 J 99 99 K 56 93 L 0 0 5 0 5
7 A 0 172 B 89 189 C 125 74 D 118 108 E 93 91 F 66 5 G 54 172 H 60 60 I 139 3 J 199 99 K 135 62 L 0 0 5 0 5
9 A 170 99 B 9 18 C 56 130 D 5 82 E 82 97 F 7 68 G 47 112 H 60 60 I 189 152 J 99 199 K 151 169 L 0 0 5 0 5
10 A 125 156 B 89 105 C 169 153 D 169 187 E 89 94 F 155 174 G 72 17 H 60 60 I 147 180 J 99 99 K 64 198 L 0 0 5 0 5
12 A 43 176 B 135 3 C 111 126 D 3 162 w 148 98 F 48 56 G 36 148 H 60 60 I 127 51 J 99 99 K 135 69 L 0 0 5 0 5
13 s 56 172 B 100 89 C 149 125 D 118 108 E 80 93 F 88 5 G 58 172 H 60 60 I 136 3 J 199 99 K 99 62 L 0 0 4 1 5
14 A 152 174 B 114 46 C 166 53 D 170 123 E 82 71 F 34 59 G 91 194 H 60 60 I 96 45 J 99 99 K 115 93 L 0 0 3 2 5
15 A 6 0 B 100 89 C 149 125 D 118 118 E 80 93 F 88 5 G 58 172 H 60 60 I 136 139 J 199 199 K 93 135 L 0 0 3 2 5
16 A 2 56 B 100 89 C 149 149 D 118 108 E 80 80 F 79 5 G 185 172 H 60 60 I 136 136 J 199 99 K 93 99 ~ 50 0 2 3 5
17 s 56 56 B 100 100 C 182 149 D 82 108 E 76 80 F 88 79 G 58 185 H 60 60 I 136 136 J 199 99 K 93 99 L 0 50 1 4 5
