2 A 23 96 B 36 11 C 0 0 D 175 199 E 82 79 F 127 172 G 99 199 H 192 162 I 187 57 J 20 105 K 189 135 L 60 60 3 0 3
6 A 16 115 B 67 149 C 0 0 D 182 113 E 73 81 F 122 180 G 99 99 H 109 89 I 34 25 J 26 35 K 168 92 L 60 60 4 0 4
10 A 21 119 B 98 170 C 0 0 D 177 68 E 91 88 F 125 70 G 99 199 H 178 159 I 120 111 J 38 174 K 138 63 L 60 60 4 0 4
12 A 67 115 B 185 149 C 0 0 D 62 113 E 81 73 F 61 122 G 199 99 H 48 109 I 193 34 | 137 35 K 34 92 L 60 60 4 0 4
0 A 96 30 B 147 83 C 0 0 D 40 167 E 90 81 F 54 74 G 199 199 H 147 63 I 119 180 J 165 53 K 154 10 L 60 60 5 0 5
1 A 175 180 B 153 194 C 0 0 D 133 0 E 72 94 F 174 45 G 99 199 H 41 160 I 150 32 J 194 9 K 159 166 L 60 60 5 0 5
3 A 4 57 B 139 58 C 0 0 D 50 145 E 96 98 F 179 115 G 199 199 H 45 108 I 67 1 J 47 115 K 49 173 L 60 60 5 0 5
4 A 5 55 B 178 192 C 0 0 D 80 156 E 97 98 F 48 126 G 99 199 H 123 141 I 36 127 J 163 159 K 132 176 L 60 60 5 0 5
5 A 67 174 B 196 185 C 0 0 D 62 4 E 90 81 F 5 61 G 99 199 H 48 89 I 54 193 J 54 87 K 116 34 L 60 60 5 0 5
7 A 48 15 B 89 127 C 0 0 D 145 4 E 97 70 F 142 114 G 199 99 H 82 97 I 166 88 J 55 124 K 157 1 L 60 60 5 0 5
8 A 112 156 B 16 32 C 0 0 D 67 6 E 88 78 F 69 193 G 99 99 H 122 195 I 133 67 J 46 63 K 98 57 L 60 60 5 0 5
9 A 165 86 B 168 40 C 0 0 D 25 153 E 80 98 F 79 59 G 99 199 H 197 122 I 79 178 J 115 137 K 103 186 L 60 60 5 0 5
13 A 175 30 t 103 83 C 0 0 D 133 40 E 94 90 F 174 74 G 99 199 H 41 147 I 150 180 J 9 53 K 159 10 L 60 60 4 1 5
14 A 175 30 B 153 83 C 0 0 D 0 40 E 94 81 F 45 54 G 199 199 H 160 147 I 32 180 J 9 165 K 166 154 L 60 60 3 2 5
15 A 180 30 B 153 147 C 0 0 D 133 40 E 94 81 F 174 54 G 199 199 H 41 63 I 32 119 J 9 165 K 166 154 L 60 60 2 3 5
16 A 30 96 B 83 11 C 0 0 D 40 175 E 94 79 F 45 172 G 199 99 H 147 192 I 180 57 J 9 105 K 154 189 L 60 60 2 3 5
17 A 180 30 B 153 83 C 0 0 D 0 40 E 94 81 F 45 74 G 99 199 H 41 147 I 32 119 J 9 165 K 159 10 L 60 60 1 4 5
