2 A 115 86 B 88 19 C 0 0 D 16 21 E 99 99 F 1 81 G 42 152 H 60 60 I 25 142 J 37 33 K 78 184 L 85 97 4 0 4
0 A 129 140 B 161 167 C 0 0 D 173 39 E 99 199 F 98 81 G 166 188 H 60 60 I 155 128 J 167 161 K 174 16 L 99 88 5 0 5
1 A 176 9 B 74 121 C 0 0 D 107 54 E 199 99 F 186 82 G 156 185 H 60 60 I 170 136 J 193 143 K 81 24 L 75 73 5 0 5
3 A 11 31 B 191 99 C 0 0 D 53 56 E 199 99 F 72 28 G 161 191 H 60 60 I 150 144 J 193 97 K 180 172 L 80 92 5 0 5
4 A 94 199 B 122 151 C 0 0 D 121 195 E 99 99 F 93 0 G 143 132 H 60 60 I 154 100 J 152 178 K 132 174 L 92 78 5 0 5
5 A 84 127 B 153 85 C 0 0 D 28 24 E 199 99 F 132 96 G 82 77 H 60 60 I 50 103 J 136 70 K 64 85 L 84 74 5 0 5
6 A 140 112 B 154 189 C 0 0 D 139 19 E 99 99 F 72 199 G 95 168 H 60 60 I 183 30 J 57 122 K 121 132 L 86 98 5 0 5
7 A 106 176 B 184 175 C 0 0 D 57 186 E 99 199 F 184 177 G 153 146 H 60 60 I 29 36 J 1 148 K 70 195 L 71 78 5 0 5
8 A 158 42 B 100 3 C 0 0 D 23 119 E 199 199 F 141 38 G 157 179 H 60 60 I 4 138 J 49 74 K 65 67 L 78 90 5 0 5
9 A 75 158 B 14 69 C 0 0 D 198 70 E 199 199 F 31 35 G 171 136 H 60 60 I 123 193 J 117 81 K 50 164 L 83 97 5 0 5
10 A 152 64 B 136 22 C 0 0 D 21 6 E 99 99 F 31 195 G 90 85 H 60 60 I 92 14 J 93 181 K 66 78 L 87 80 5 0 5
12 A 140 176 B 167 121 C 0 0 D 39 107 w 149 99 F 81 186 G 188 156 H 60 60 I 155 170 J 167 193 K 174 24 L 88 75 4 1 5
13 A 115 11 B 19 191 C 0 0 D 21 56 E 99 199 F 81 72 G 152 191 H 60 60 I 25 150 | 87 193 K 78 172 L 85 80 4 1 5
14 A 112 106 B 189 175 C 0 0 D 19 57 E 99 99 F 72 184 G 168 153 H 60 60 I 183 29 J 122 1 K 121 195 L 86 71 4 1 5
15 A 158 75 B 100 14 C 0 0 D 119 70 E 199 199 x 88 35 G 179 136 H 60 60 I 138 193 J 74 117 K 65 50 L 78 83 4 1 5
16 A 129 9 B 161 121 C 0 0 D 173 107 E 99 99 F 81 186 G 188 185 H 60 60 I 128 136 J 161 193 K 16 24 L 99 73 3 2 5
17 A 86 11 t 69 191 C 0 0 D 16 53 E 99 99 F 81 28 G 152 191 H 60 60 I 142 144 J 33 193 K 78 180 L 97 92 3 2 5
18 A 112 176 B 154 175 C 0 0 D 19 186 E 99 99 F 72 177 G 168 146 H 60 60 I 30 36 J 122 148 K 132 195 L 98 78 3 2 5
19 A 42 112 B 3 189 C 0 0 D 119 57 E 199 99 F 141 72 G 157 153 H 60 60 I 138 29 J 74 122 K 67 195 L 78 71 3 2 5
20 A 158 152 B 69 136 C 0 0 D 70 21 E 199 99 F 31 31 G 136 90 H 60 60 I 123 92 J 81 93 K 50 78 L 97 80 3 2 5
21 A 115 199 B 191 122 C 0 0 D 56 121 E 99 99 F 81 93 G 191 143 H 60 60 I 25 100 J 193 152 K 172 174 L 80 92 3 2 5
22 A 129 9 B 167 121 u 50 0 D 39 107 E 99 99 F 81 186 G 166 188 H 60 60 I 155 128 J 161 193 K 174 24 L 99 99 2 3 5
23 A 9 176 B 121 121 C 0 0 v 157 39 E 99 149 F 82 186 G 156 188 H 60 60 I 170 155 J 193 193 K 24 174 L 75 88 2 3 5
24 A 86 11 B 88 69 C 0 0 D 21 16 E 99 99 F 1 81 G 42 191 H 60 60 I 142 144 | 87 33 K 184 78 L 85 97 2 3 5
25 A 11 115 B 191 19 C 0 0 D 53 56 E 99 99 F 72 81 G 191 191 H 60 60 I 150 25 J 193 87 K 180 172 ~ 142 80 2 3 5
26 A 94 127 B 122 85 C 0 0 D 121 24 E 99 99 F 0 96 G 143 77 H 60 60 I 100 50 J 152 70 K 132 64 L 78 74 2 3 5
27 A 112 115 B 154 191 C 0 0 D 139 56 E 99 99 F 72 81 G 95 191 H 60 60 I 30 100 J 122 193 K 121 172 L 86 80 2 3 5
28 A 106 112 B 184 154 C 0 0 D 186 19 E 99 99 F 184 177 G 146 168 H 60 60 I 29 36 J 148 122 K 195 195 L 71 98 2 3 5
29 A 158 112 B 100 189 C 0 0 D 119 57 E 199 99 F 141 184 G 157 168 H 60 60 I 138 183 J 74 1 K 67 121 L 78 71 2 3 5
30 A 75 152 B 69 136 C 0 0 D 198 6 E 199 99 x 81 31 G 171 85 H 60 60 I 193 14 J 81 93 K 164 66 L 97 80 2 3 5
31 A 158 42 B 14 189 C 0 0 D 119 57 E 199 199 F 35 72 G 136 153 H 60 60 I 193 29 J 117 122 K 65 67 L 78 78 2 3 5
32 A 140 9 B 161 161 C 0 0 D 173 107 w 149 99 F 98 186 G 166 188 H 60 60 I 128 136 J 161 193 K 174 24 L 88 99 1 4 5
33 A 176 140 B 74 121 C 0 0 D 107 39 E 199 99 F 82 81 G 185 156 H 60 60 I 170 170 J 143 167 K 24 24 L 75 88 1 4 5
34 A 112 112 B 189 154 C 0 0 D 139 19 E 99 99 F 72 177 G 168 168 H 60 60 I 30 30 J 122 148 } 182 132 L 98 78 1 4 5
35 A 75 75 t 64 100 C 0 0 D 198 119 E 199 199 F 35 35 G 136 179 H 60 60 I 123 138 J 81 117 K 164 65 L 83 78 1 4 5
36 A 11 115 B 191 19 C 0 0 D 56 56 E 99 99 F 81 72 G 152 191 H 60 60 I 25 25 J 87 87 K 78 180 L 85 142 1 4 5
37 A 106 112 B 175 100 C 0 0 D 57 119 E 99 199 F 184 184 G 168 157 H 60 60 I 183 183 J 1 1 K 121 121 L 71 71 1 4 5
38 A 11 11 B 69 88 C 0 0 D 53 16 E 99 99 x 131 1 G 191 42 H 60 60 I 144 142 J 193 33 K 78 78 L 97 85 1 4 5
39 A 42 42 B 3 14 C 0 0 D 57 57 E 199 199 F 141 35 G 157 153 H 60 60 I 138 29 J 74 117 K 67 67 L 71 78 1 4 5
40 A 199 112 B 191 191 C 0 0 D 121 56 E 99 99 F 93 72 G 191 95 H 60 60 I 100 100 J 193 193 K 174 172 L 92 86 1 4 5
