2 A 118 13 B 29 170 C 92 126 D 187 61 E 89 175 F 115 63 G 0 0 H 60 60 I 122 104 J 71 83 K 99 99 L 160 25 4 0 4
3 A 101 101 B 67 37 C 188 169 D 23 126 E 196 106 F 58 145 G 0 0 H 60 60 I 113 185 J 78 70 K 199 99 L 146 2 4 0 4
10 A 105 64 B 48 145 C 115 17 D 163 156 E 62 40 F 181 37 G 0 0 H 60 60 I 101 118 J 78 74 K 199 199 L 39 197 4 0 4
0 A 50 37 B 85 53 C 81 164 D 182 193 E 142 90 F 2 80 G 0 0 H 60 60 I 143 197 J 81 76 K 99 99 L 131 65 5 0 5
1 A 57 138 B 173 195 C 181 41 D 198 127 E 155 157 F 198 8 G 0 0 H 60 60 I 99 120 J 71 97 K 99 199 L 187 115 5 0 5
4 A 179 76 B 14 127 C 41 25 D 130 113 E 56 54 F 115 172 G 0 0 H 60 60 I 11 110 J 79 97 K 99 99 L 169 83 5 0 5
5 A 2 164 B 77 43 C 127 115 D 34 166 E 122 66 F 98 180 G 0 0 H 60 60 I 18 199 J 95 94 K 199 199 L 138 147 5 0 5
6 A 132 138 B 80 148 C 3 116 D 151 98 E 52 165 F 89 41 G 0 0 H 60 60 I 129 91 J 76 72 K 99 99 L 120 78 5 0 5
7 A 191 37 B 131 1 C 155 83 D 168 7 E 196 107 F 96 81 G 0 0 H 60 60 I 133 74 J 81 71 K 199 99 L 38 126 5 0 5
8 A 89 173 B 66 177 C 7 126 D 12 198 E 75 88 F 8 94 G 0 0 H 60 60 I 12 81 J 94 82 K 99 199 L 143 136 5 0 5
9 A 57 19 B 123 121 C 170 100 D 2 186 E 111 140 F 92 95 G 0 0 H 60 60 I 101 37 J 70 98 K 199 199 L 100 72 5 0 5
12 A 138 37 B 173 85 C 41 164 D 127 182 E 155 142 x 58 2 G 0 0 H 60 60 I 120 143 J 97 76 K 199 99 L 115 131 4 1 5
13 A 2 132 B 77 80 C 115 3 D 34 151 E 122 165 F 180 89 y 50 0 H 60 60 I 199 129 J 95 72 K 199 99 L 138 120 4 1 5
14 A 89 19 B 66 123 C 7 170 D 198 2 E 88 140 F 8 92 G 0 0 H 60 60 I 81 101 J 82 70 K 199 199 L 143 100 4 1 5
15 A 57 37 B 173 53 C 181 81 D 198 182 E 157 90 F 198 2 G 0 0 H 60 60 I 99 197 J 71 81 K 99 99 L 187 131 3 2 5
16 A 164 132 B 43 148 C 115 116 D 34 151 w 172 52 F 98 41 G 0 0 H 60 60 I 18 91 J 95 72 K 199 99 L 147 78 3 2 5
17 A 173 19 B 177 121 C 126 170 D 198 186 E 75 111 F 94 92 G 0 0 H 60 60 I 81 37 J 94 98 K 99 199 L 136 100 3 2 5
18 A 64 89 B 48 66 C 115 170 D 156 2 E 62 140 x 131 92 G 0 0 H 60 60 I 101 101 J 78 82 K 199 199 L 39 100 3 2 5
19 A 2 37 B 80 131 C 3 155 D 34 168 E 122 107 F 180 81 G 0 0 H 60 60 I 129 133 J 95 71 K 199 199 L 120 38 3 2 5
20 A 138 50 t 145 53 C 181 164 D 198 193 E 155 90 F 8 2 G 0 0 H 60 60 I 99 143 J 71 76 K 99 99 L 187 65 2 3 5
21 A 164 138 B 43 80 C 127 116 D 166 98 E 66 52 F 98 89 G 0 0 z 110 60 I 199 129 J 95 72 K 199 99 L 138 120 2 3 5
22 s 123 173 B 66 121 C 126 170 D 198 186 E 88 75 F 94 92 G 0 0 H 60 60 I 12 81 J 94 94 K 99 199 L 143 136 2 3 5
23 A 57 64 B 121 145 C 170 115 D 2 163 E 111 62 F 95 181 G 0 0 H 60 60 I 37 118 J 70 74 K 199 199 L 100 39 2 3 5
24 A 132 2 B 77 80 C 3 3 D 34 168 E 122 107 F 180 180 G 50 0 H 60 60 I 199 133 J 72 71 K 99 199 L 138 38 2 3 5
25 A 57 118 B 173 29 C 181 126 D 182 187 w 107 175 F 198 63 G 0 0 H 60 60 I 99 104 J 81 71 K 99 99 L 187 25 2 3 5
26 A 138 37 B 173 85 C 181 164 D 198 193 E 157 90 F 8 80 G 0 0 H 60 60 I 99 143 J 71 81 K 199 99 L 115 65 1 4 5
27 A 76 2 B 127 77 C 25 115 D 113 166 E 54 122 F 115 180 G 0 0 H 60 60 I 110 18 J 79 95 K 99 199 L 83 147 1 4 5
28 A 173 19 B 177 121 C 7 126 D 12 186 E 88 75 F 94 92 G 0 0 H 60 60 I 12 37 J 94 94 K 99 99 L 143 136 1 4 5
29 A 105 19 B 48 66 C 115 7 D 156 2 E 40 140 F 37 8 G 0 0 H 60 60 I 101 81 J 78 70 K 199 199 L 197 143 1 4 5
30 A 132 37 B 80 131 C 115 155 D 34 168 E 122 122 F 89 81 G 50 0 H 60 60 I 199 133 J 72 71 K 199 199 L 120 38 1 4 5
31 A 37 138 B 173 145 C 81 164 D 198 198 E 157 155 F 2 8 G 0 0 H 60 60 I 197 143 J 71 76 K 99 99 L 131 65 1 4 5
32 A 164 138 B 43 80 C 115 127 D 34 166 E 52 52 F 41 98 G 0 0 H 60 110 I 91 199 J 95 72 K 199 99 L 147 138 1 4 5
33 A 123 2 B 66 77 C 170 3 D 186 34 E 75 122 F 92 180 G 0 0 H 60 60 I 12 199 J 94 72 K 99 199 L 136 138 1 4 5
34 A 57 101 B 29 67 C 181 169 D 187 23 E 175 106 F 198 58 G 0 0 H 60 60 I 99 113 | 121 78 K 99 99 L 25 146 1 4 5
