4 A 100 31 B 14 69 C 0 0 D 46 54 E 76 85 F 54 78 G 111 162 H 60 60 I 20 149 J 99 199 K 71 126 L 132 30 4 0 4
0 A 147 41 B 123 161 C 0 0 D 181 37 E 73 72 F 141 81 G 181 146 H 60 60 I 108 72 J 99 199 K 164 96 L 61 185 5 0 5
1 A 47 4 B 75 91 C 0 0 D 63 199 E 70 85 F 1 180 G 50 23 H 60 60 I 130 14 J 199 99 K 184 40 L 99 33 5 0 5
2 A 75 22 B 150 12 C 0 0 D 110 141 E 90 94 F 123 9 G 123 96 H 60 60 I 8 167 J 99 99 K 74 160 L 1 152 5 0 5
3 A 129 21 B 47 44 C 0 0 D 165 179 E 74 85 F 62 86 G 47 45 H 60 60 I 52 116 J 199 199 K 92 57 L 160 50 5 0 5
5 A 66 156 B 142 38 C 0 0 D 174 68 E 79 89 F 91 39 G 1 197 H 60 60 I 38 48 J 99 199 K 60 110 L 30 82 5 0 5
6 A 92 153 B 47 95 C 0 0 D 166 153 E 82 85 F 134 102 G 189 70 H 60 60 I 197 123 J 99 99 K 127 115 L 198 0 5 0 5
7 A 153 184 B 95 182 C 0 0 D 195 114 E 94 98 F 183 160 G 35 68 H 60 60 I 156 120 J 99 199 K 126 51 L 182 71 5 0 5
8 A 65 132 B 44 133 C 0 0 D 103 157 E 86 98 F 116 144 G 98 157 H 60 60 I 82 97 J 99 199 K 114 45 L 69 180 5 0 5
9 A 18 41 B 138 198 C 0 0 D 93 178 E 87 90 F 57 74 G 132 84 H 60 60 I 3 125 J 199 99 K 107 70 L 71 117 5 0 5
10 A 1 75 B 129 41 C 0 0 D 192 103 E 81 82 F 60 98 G 13 194 H 60 60 I 63 48 J 199 99 K 121 81 L 24 7 5 0 5
12 A 147 47 B 123 75 C 0 0 D 181 63 E 72 70 F 141 180 G 181 23 z 110 60 I 72 14 J 199 99 K 164 184 L 61 99 4 1 5
13 A 129 75 B 47 150 C 0 0 D 165 141 E 85 90 F 62 9 G 45 96 H 60 60 I 116 167 J 199 99 K 92 74 L 50 152 4 1 5
14 A 66 153 B 142 47 C 0 0 D 68 153 w 129 82 F 91 102 G 1 70 H 60 60 I 48 197 J 199 99 K 110 115 L 82 0 4 1 5
15 A 153 65 B 182 133 C 0 0 D 114 157 E 98 98 F 160 144 G 68 98 H 60 60 I 156 97 J 99 99 K 51 114 L 71 180 4 1 5
16 A 1 18 B 129 198 C 0 0 D 192 93 w 132 87 F 98 57 G 194 132 H 60 60 I 63 125 J 99 199 K 121 107 L 7 71 4 1 5
17 A 147 4 B 123 75 C 0 0 D 37 199 E 72 70 F 81 1 G 181 50 H 60 60 I 108 14 J 99 99 K 164 184 L 61 99 3 2 5
18 A 129 75 B 44 47 C 0 0 D 165 165 E 74 85 F 86 62 G 45 45 H 60 60 { 166 116 J 199 199 K 57 74 L 50 50 3 2 5
19 A 66 92 B 38 95 C 0 0 D 68 166 E 89 85 F 91 102 G 197 70 H 60 60 I 38 197 J 99 99 K 60 127 L 82 198 3 2 5
20 A 184 66 B 182 47 C 0 0 D 114 153 E 98 82 F 160 91 G 35 1 H 60 60 I 156 197 J 199 199 K 126 115 L 182 0 3 2 5
21 A 65 65 B 44 182 C 0 0 D 157 114 E 98 98 F 116 160 G 157 98 H 60 60 I 97 156 | 149 99 K 114 51 L 180 180 3 2 5
22 A 75 1 B 41 129 C 0 0 D 192 192 E 81 87 F 60 57 G 194 132 H 60 60 I 63 63 J 99 199 K 81 121 L 7 71 3 2 5
23 A 147 47 B 161 75 C 0 0 D 37 199 E 73 85 F 81 1 G 181 50 H 60 60 I 72 130 J 99 199 K 96 40 L 61 99 2 3 5
24 A 21 129 B 47 44 C 0 0 D 165 165 E 74 74 F 62 62 G 47 45 H 60 60 I 52 116 J 199 199 K 92 74 L 160 50 2 3 5
25 A 66 92 t 192 38 C 0 0 D 68 68 E 79 85 F 39 91 G 197 197 H 60 60 I 38 197 J 99 99 K 110 127 L 30 82 2 3 5
26 A 92 66 B 95 142 C 0 0 D 166 153 E 85 129 F 102 91 G 189 70 H 60 60 I 123 48 J 99 99 K 127 110 L 0 82 2 3 5
27 A 153 66 B 95 182 C 0 0 D 195 153 E 94 98 F 160 91 G 68 35 H 60 60 I 120 197 J 199 199 K 126 115 L 182 182 2 3 5
28 A 1 1 B 41 129 C 0 0 D 192 192 E 82 87 F 60 60 G 194 132 H 60 60 I 48 63 J 99 99 K 81 81 L 7 71 2 3 5
29 A 147 75 B 123 150 u 50 0 D 181 165 E 72 90 F 180 62 G 181 96 H 110 60 I 14 116 J 199 199 K 184 92 L 61 50 2 3 5
30 A 153 18 B 133 198 C 0 0 D 157 93 E 98 87 F 144 98 G 98 194 H 60 60 I 97 63 J 99 99 K 114 107 L 71 71 2 3 5
31 A 147 147 B 123 123 C 0 0 D 37 199 w 122 72 F 141 1 G 181 50 H 60 60 I 72 108 J 99 99 K 164 184 L 185 61 1 4 5
32 A 47 47 t 125 75 C 0 0 D 63 181 E 85 72 F 180 141 G 23 181 H 60 60 I 130 14 J 99 199 K 40 164 L 99 61 1 4 5
33 A 129 75 B 47 47 C 0 0 D 165 165 E 85 85 F 86 86 y 95 45 H 60 60 I 116 166 J 199 199 K 57 74 L 50 50 1 4 5
34 A 156 21 B 38 47 C 0 0 D 174 165 E 89 74 F 39 62 G 1 47 H 60 60 I 48 52 | 149 199 K 60 92 L 82 50 1 4 5
35 A 75 147 B 150 150 C 0 50 D 141 181 E 85 72 x 112 180 G 96 96 H 60 110 I 116 14 J 199 199 K 92 184 L 50 50 1 4 5
36 A 153 65 B 182 182 C 0 0 D 114 114 E 98 98 F 160 160 G 98 98 H 60 60 I 97 97 | 149 99 K 51 51 L 71 180 1 4 5
37 A 66 66 B 95 192 C 0 0 D 166 68 E 85 79 F 102 39 G 197 197 z 110 60 I 197 197 J 99 99 K 127 110 L 198 30 1 4 5
38 A 66 66 B 182 95 C 0 0 D 114 195 E 98 98 F 160 91 G 1 35 H 60 60 I 197 120 J 199 199 K 115 115 L 0 182 1 4 5
