2 A 137 187 B 86 139 C 2 18 D 177 12 E 51 171 F 76 3 G 15 137 H 59 150 I 51 52 J 62 140 K 92 102 L 75 37 4 0 4
10 A 44 101 B 91 71 C 37 66 D 110 74 E 164 152 F 22 3 G 116 50 H 92 80 I 178 0 J 178 45 K 150 140 L 87 11 4 0 4
0 A 163 159 B 167 191 C 196 136 D 148 53 E 73 103 F 2 108 G 148 90 H 182 181 I 28 27 J 94 83 K 74 27 L 14 125 5 0 5
1 A 157 105 B 185 155 C 149 35 D 93 136 E 74 32 F 138 92 G 161 102 H 95 133 I 131 51 J 148 20 K 110 50 L 71 114 5 0 5
3 A 37 10 B 80 42 C 64 0 D 44 108 E 56 134 F 162 40 G 160 89 H 40 40 I 135 193 J 114 129 K 67 16 L 46 92 5 0 5
4 A 49 44 B 103 90 C 53 184 D 26 175 E 48 127 F 93 152 G 122 194 H 122 102 I 165 24 J 82 139 K 143 36 L 2 63 5 0 5
5 A 183 122 B 63 101 C 118 152 D 42 149 E 170 28 F 18 150 G 179 174 H 118 2 I 111 120 J 144 83 K 195 148 L 53 101 5 0 5
6 A 141 31 B 65 34 C 117 180 D 151 3 E 16 70 F 137 49 G 142 172 H 75 52 I 17 106 J 19 196 K 191 183 L 89 57 5 0 5
7 A 165 134 B 84 119 C 133 33 D 119 83 E 74 158 F 45 78 G 167 27 H 85 12 I 92 114 J 145 142 K 113 182 L 118 196 5 0 5
8 A 0 150 B 41 39 C 161 4 D 56 30 E 54 45 F 113 29 G 181 50 H 47 37 I 23 83 J 154 71 K 83 176 L 93 86 5 0 5
9 A 65 68 B 50 188 C 83 174 D 184 184 E 18 55 F 21 84 G 165 47 H 0 70 I 70 3 J 138 72 K 47 18 L 2 47 5 0 5
12 A 44 65 B 91 188 C 66 83 D 110 184 E 164 55 F 3 21 G 116 165 H 80 0 I 0 3 J 45 72 K 150 47 L 11 47 5 0 5
13 A 31 134 B 65 119 C 117 133 D 151 83 E 16 74 F 49 78 G 142 27 H 75 12 I 17 114 J 196 145 K 191 113 L 89 118 4 1 5
14 A 150 65 B 41 50 C 4 174 D 30 184 E 54 55 F 29 84 G 50 47 H 37 0 I 23 70 J 71 138 K 176 47 L 86 2 4 1 5
15 A 141 165 B 34 119 C 117 33 D 3 119 E 70 158 F 137 45 G 172 27 H 52 12 I 106 114 J 19 142 K 183 113 L 57 118 3 2 5
16 A 0 134 B 39 119 C 4 133 D 56 83 E 45 16 F 29 49 G 50 142 H 37 75 I 83 114 J 154 145 K 176 191 ~ 143 118 3 2 5
17 s 94 44 B 188 71 C 66 37 D 184 74 E 55 164 F 3 3 G 116 50 H 80 92 I 3 0 J 72 178 K 150 150 L 11 87 3 2 5
18 A 49 122 B 90 63 C 184 118 D 175 42 E 48 170 F 93 18 G 194 179 H 122 2 I 165 120 | 132 144 K 143 148 L 63 101 2 3 5
19 A 141 165 B 34 119 C 117 117 D 3 3 E 16 70 F 49 137 G 142 27 H 75 52 I 17 106 J 196 19 K 183 183 L 57 118 2 3 5
20 A 0 134 B 39 119 C 4 133 D 56 151 E 54 74 F 113 78 G 181 27 H 47 75 I 23 17 J 71 145 K 176 113 ~ 136 89 2 3 5
21 A 141 165 t 115 34 C 117 117 D 151 119 E 16 158 F 49 137 G 172 172 H 52 52 I 17 114 J 196 19 K 191 183 L 89 118 1 4 5
22 A 0 150 B 41 41 C 161 4 D 30 30 E 45 55 F 29 84 G 181 50 H 47 37 I 23 23 J 154 71 K 176 176 L 93 2 1 4 5
23 A 134 65 B 39 91 C 4 66 D 83 184 E 16 164 x 99 21 G 142 165 H 37 0 I 114 3 J 145 72 K 176 47 L 143 47 1 4 5
24 A 122 0 B 63 39 C 184 133 D 42 151 E 48 54 F 93 113 G 179 27 z 172 47 I 120 23 J 132 145 K 148 113 L 63 89 1 4 5
