1 A 100 65 B 60 60 C 76 89 D 99 199 E 107 113 F 133 40 G 125 47 H 183 54 I 0 0 J 114 143 K 126 194 L 100 160 4 0 4
0 A 95 24 B 60 60 C 87 80 D 199 199 E 106 55 F 17 7 G 188 42 H 25 27 I 0 0 J 115 181 K 86 29 L 115 79 5 0 5
2 A 171 81 B 60 60 C 71 97 D 99 199 E 71 79 F 5 34 G 184 75 H 111 39 I 0 0 J 62 176 K 12 44 L 103 75 5 0 5
3 A 113 190 B 60 60 C 97 92 D 99 199 E 173 182 F 127 63 G 104 45 H 37 165 I 0 0 J 18 16 K 186 188 L 80 177 5 0 5
4 A 170 165 B 60 60 C 92 90 D 99 199 E 21 18 F 64 191 G 112 179 H 152 58 I 0 0 J 46 114 K 17 102 L 132 45 5 0 5
5 A 174 74 B 60 60 C 80 85 D 99 199 E 159 56 F 18 76 G 189 141 H 193 114 I 0 0 J 29 125 K 35 79 L 114 15 5 0 5
6 A 101 163 B 60 60 C 95 95 D 199 199 E 169 49 F 37 27 G 90 96 H 150 181 I 0 0 J 138 56 K 4 8 L 44 86 5 0 5
7 A 161 67 B 60 60 C 81 78 D 199 99 E 23 118 F 36 130 G 90 58 H 36 190 I 0 0 J 91 80 K 97 141 L 149 8 5 0 5
8 A 139 141 B 60 60 C 96 80 D 99 199 E 155 50 F 116 158 G 63 120 H 3 48 I 0 0 J 152 133 K 15 164 L 1 104 5 0 5
9 A 173 83 B 60 60 C 94 82 D 199 199 E 167 60 F 67 89 G 101 160 H 162 113 I 0 0 J 57 63 K 182 52 L 36 131 5 0 5
10 A 81 140 B 60 60 C 81 89 D 99 199 E 69 195 F 21 196 G 182 103 H 10 199 I 0 0 J 88 67 K 137 175 L 89 72 5 0 5
12 A 140 173 B 60 60 C 89 82 D 99 199 E 69 60 F 196 67 y 153 160 H 199 113 I 0 0 J 88 57 K 175 182 L 72 131 4 1 5
13 A 163 174 B 60 60 u 145 85 D 199 199 E 49 159 F 27 18 G 96 141 H 150 114 I 0 0 J 56 29 K 4 35 L 44 15 3 2 5
14 A 140 173 B 60 60 C 81 82 D 99 199 E 69 167 F 21 89 G 182 101 H 199 113 I 0 0 J 67 63 } 125 182 L 89 131 3 2 5
15 A 95 100 B 60 60 C 87 89 v 149 199 E 106 113 F 17 133 G 188 47 H 25 183 I 0 0 J 181 143 K 86 194 L 79 100 2 3 5
16 A 74 101 B 60 60 C 80 95 D 99 199 E 56 49 F 18 37 G 189 90 H 193 150 I 0 0 J 125 56 K 35 8 L 114 86 2 3 5
17 A 140 173 B 60 60 u 139 94 D 199 199 E 69 60 F 196 67 G 182 160 H 10 162 I 0 0 J 88 57 K 137 182 L 89 36 2 3 5
18 A 81 140 B 60 60 C 81 89 D 99 199 E 195 60 F 21 67 G 182 160 H 10 199 I 0 0 J 67 88 K 137 175 L 89 72 1 4 5
19 A 173 173 B 60 60 C 94 82 D 199 199 E 60 69 F 67 21 G 160 101 H 10 199 I 0 0 J 88 63 K 182 182 L 36 89 1 4 5
