0 A 126 103 B 39 169 C 0 0 D 31 181 E 97 189 F 121 16 G 96 94 H 99 199 I 126 48 J 157 152 K 37 2 L 60 60 4 0 4
1 A 115 3 B 153 53 C 0 0 D 2 175 E 175 154 F 189 92 G 73 82 H 99 199 I 47 197 J 118 76 K 56 119 L 60 60 4 0 4
2 A 127 53 B 198 190 C 0 0 D 52 2 E 142 157 F 59 1 G 91 79 H 199 199 I 43 176 J 142 136 K 125 140 L 60 60 5 0 5
3 A 14 58 B 31 29 C 0 0 D 173 192 E 70 173 F 149 198 G 70 98 H 99 199 I 186 199 J 22 122 K 71 61 L 60 60 5 0 5
4 A 24 88 B 113 124 C 0 0 D 196 136 E 76 136 F 120 39 G 73 96 H 199 99 I 111 199 J 3 32 K 72 105 L 60 60 5 0 5
5 A 155 184 B 153 86 C 0 0 D 55 55 E 82 161 F 73 150 G 82 89 H 199 199 I 63 163 J 9 41 K 120 5 L 60 60 5 0 5
6 A 121 164 B 2 10 C 0 0 D 73 59 E 164 186 F 156 44 G 83 72 H 99 99 I 100 155 J 71 199 K 140 183 L 60 60 5 0 5
7 A 5 44 B 86 2 C 0 0 D 147 72 E 174 187 F 32 160 G 81 95 H 199 199 I 131 119 J 150 83 K 66 18 L 60 60 5 0 5
8 A 112 182 B 88 178 C 0 0 D 164 166 E 48 152 F 195 116 G 80 95 H 99 199 I 136 157 J 104 194 K 152 97 L 60 60 5 0 5
9 A 136 108 B 77 134 C 0 0 D 81 12 E 138 66 F 43 41 G 93 72 H 199 199 I 45 151 J 186 180 K 0 8 L 60 60 5 0 5
10 A 35 9 B 153 153 C 0 0 D 192 5 E 179 143 F 48 70 G 85 92 H 199 99 I 114 182 J 126 29 K 187 76 L 60 60 5 0 5
12 A 14 127 B 31 198 C 0 0 D 173 52 E 70 157 F 149 1 y 120 79 H 199 199 I 199 176 J 122 136 K 71 140 L 60 60 4 1 5
13 A 184 164 B 153 10 C 0 0 D 55 73 E 161 164 x 200 156 G 89 83 H 199 99 I 63 155 J 9 71 K 120 183 L 60 60 4 1 5
14 A 126 3 B 169 53 C 0 0 D 181 2 w 147 154 F 121 189 G 94 73 H 199 199 I 126 47 J 157 118 K 37 56 L 60 60 3 2 5
15 A 58 88 B 29 124 C 0 0 D 192 196 E 173 76 F 198 39 G 98 96 H 199 199 I 186 111 J 22 3 K 61 72 L 60 60 3 2 5
16 A 164 44 B 10 86 C 0 0 D 59 147 E 186 174 F 44 160 G 72 81 z 149 199 I 155 119 J 71 150 K 183 18 L 60 60 3 2 5
17 A 182 184 B 178 153 C 0 0 D 166 73 E 48 164 F 195 200 G 95 83 H 99 199 I 157 63 J 194 9 K 97 120 L 60 60 3 2 5
18 A 14 3 B 29 169 C 0 0 D 192 181 E 70 154 F 149 121 y 120 73 H 199 199 I 186 47 J 122 118 K 61 56 L 60 60 2 3 5
19 A 121 155 B 2 153 C 0 0 D 59 55 E 186 82 F 156 73 G 83 89 H 99 199 I 155 163 J 199 41 } 133 5 L 60 60 2 3 5
20 A 44 184 B 2 153 C 0 0 D 147 166 E 187 48 F 32 195 G 95 83 H 199 99 I 119 63 J 150 194 } 116 97 L 60 60 2 3 5
21 A 44 184 B 86 153 C 0 0 D 59 73 E 174 164 F 44 156 G 81 89 H 149 99 I 155 155 J 71 71 K 18 120 L 60 60 2 3 5
22 A 58 155 B 29 153 C 0 0 D 192 55 E 173 186 F 198 73 G 98 89 H 99 99 I 199 163 J 22 199 K 61 133 L 60 60 1 4 5
23 A 88 88 B 113 29 C 0 0 D 136 196 E 136 76 F 39 39 G 73 98 H 99 199 I 199 186 J 3 3 K 72 61 L 60 60 1 4 5
24 A 3 115 B 53 153 C 0 0 D 181 2 E 154 175 F 189 92 G 73 73 H 199 199 I 126 197 J 157 118 K 37 119 L 60 60 1 4 5
25 A 184 44 B 178 2 C 0 0 D 73 166 E 164 48 F 195 32 G 95 83 H 99 199 I 157 63 | 144 150 K 120 97 L 60 60 1 4 5
26 A 14 126 B 169 39 C 0 0 D 181 181 E 70 97 F 149 16 G 73 94 H 199 199 I 186 48 J 118 152 K 61 2 L 60 60 1 4 5
