2 A 110 76 B 176 13 C 0 0 D 45 135 E 70 98 F 100 189 G 99 199 H 143 193 I 40 137 J 154 184 K 64 149 L 60 60 4 0 4
10 A 72 170 B 150 114 C 0 0 D 68 3 E 77 70 F 140 72 G 99 99 H 102 99 I 149 84 J 63 174 K 9 120 L 60 60 4 0 4
0 A 96 10 B 187 136 C 0 0 D 148 141 E 72 94 F 43 18 G 199 199 H 152 121 I 16 110 J 46 137 K 69 186 L 60 60 5 0 5
1 A 36 153 B 181 88 C 0 0 D 20 6 E 75 90 F 158 187 G 99 199 H 83 116 I 183 51 J 46 191 K 103 35 L 60 60 5 0 5
3 A 91 188 B 33 142 C 0 0 D 48 114 E 99 83 F 126 195 G 199 199 H 131 83 I 100 115 J 25 117 K 100 0 L 60 60 5 0 5
4 A 66 46 B 56 121 C 0 0 D 175 112 E 99 97 F 32 175 G 99 199 H 124 186 I 150 169 J 7 85 K 11 165 L 60 60 5 0 5
5 A 144 26 B 149 33 C 0 0 D 140 93 E 91 84 F 42 5 G 199 199 H 143 94 I 51 108 J 81 115 K 143 60 L 60 60 5 0 5
6 A 168 134 B 17 191 C 0 0 D 123 133 E 77 82 F 35 179 G 99 99 H 154 197 I 103 129 J 56 68 K 89 168 L 60 60 5 0 5
7 A 7 87 B 55 46 C 0 0 D 180 95 E 98 93 F 8 112 G 99 199 H 105 195 I 137 114 J 192 28 K 42 149 L 60 60 5 0 5
8 A 48 94 B 193 150 C 0 0 D 130 56 E 74 91 F 128 5 G 99 99 H 145 145 I 71 189 J 115 195 K 37 150 L 60 60 5 0 5
9 A 120 45 B 180 62 C 0 0 D 98 52 E 88 82 F 48 35 G 199 199 H 57 191 I 38 140 J 40 140 K 33 112 L 60 60 5 0 5
12 A 72 120 B 150 62 C 0 0 D 3 98 E 77 82 F 72 48 G 99 199 H 102 191 I 149 38 J 174 40 K 9 112 L 60 60 5 0 5
13 A 46 26 B 121 33 C 0 0 D 112 93 E 97 84 F 32 5 G 199 199 H 186 94 I 150 108 | 135 81 K 11 143 L 60 60 4 1 5
14 A 134 7 B 191 46 C 0 0 D 123 180 E 77 98 F 35 112 G 99 99 H 154 105 I 103 137 J 68 192 K 89 149 L 60 60 4 1 5
15 A 66 26 B 121 149 C 0 0 D 112 93 E 99 84 F 32 5 G 99 199 H 186 94 I 150 108 | 135 81 K 11 60 L 60 60 3 2 5
16 A 153 96 B 88 187 C 0 0 D 20 148 E 75 94 F 158 43 G 199 199 H 83 152 I 183 110 J 191 137 K 103 69 L 60 60 2 3 5
17 A 46 144 t 106 33 C 0 0 D 175 140 E 97 84 F 175 42 G 199 199 H 186 94 I 169 108 J 85 81 K 11 60 L 60 60 2 3 5
18 A 66 144 B 121 106 u 50 0 D 175 140 E 97 84 F 32 42 G 199 199 H 124 186 I 169 108 J 85 85 K 11 11 L 60 60 1 4 5
