8 A 59 53 B 129 188 C 43 55 D 66 73 E 83 185 F 38 24 G 20 85 H 149 117 I 98 178 J 0 0 K 40 140 L 38 103 3 0 3
1 A 119 86 B 132 148 C 50 99 D 121 46 E 120 133 F 45 80 G 37 113 H 152 145 I 44 128 J 0 0 K 40 40 L 157 129 4 0 4
12 A 18 119 B 186 148 C 40 50 D 101 121 E 180 120 F 186 45 G 60 113 H 169 152 I 102 128 | 50 0 K 140 40 L 139 129 4 0 4
0 A 18 134 B 182 186 C 40 65 D 101 139 E 136 180 F 54 186 G 60 63 H 169 99 I 135 102 J 0 0 K 140 140 L 139 58 5 0 5
15 A 18 119 B 182 132 u 115 50 D 101 121 E 180 133 F 186 80 G 60 113 H 99 152 I 102 44 J 0 0 K 140 40 L 139 157 4 1 5
2 A 159 149 B 106 107 C 52 48 D 42 78 E 130 24 F 162 57 G 29 118 H 185 61 I 52 92 J 0 0 K 40 140 L 30 54 6 0 6
3 A 62 152 B 152 173 C 83 34 D 58 140 E 182 107 F 56 189 G 185 185 H 43 89 I 80 44 J 0 0 K 140 140 L 175 182 6 0 6
5 A 14 148 B 131 165 C 95 55 D 140 144 E 163 85 F 114 83 G 60 62 H 154 49 I 40 145 J 0 0 K 140 40 L 150 2 6 0 6
6 A 48 34 B 156 166 C 83 88 D 71 69 E 26 39 F 62 108 G 5 138 H 126 76 I 24 197 J 0 0 K 140 140 L 153 94 6 0 6
7 A 78 16 B 120 129 C 94 75 D 115 100 E 134 71 F 0 75 G 4 18 H 173 109 I 101 159 J 0 0 K 40 40 L 131 184 6 0 6
9 A 18 87 B 131 187 C 64 35 D 65 55 E 13 29 F 2 90 G 60 184 H 26 88 I 112 106 J 0 0 K 40 140 L 2 183 6 0 6
10 A 166 151 B 104 124 C 99 79 D 65 146 E 128 80 F 163 182 G 96 180 H 57 104 I 70 74 J 0 0 K 140 40 L 183 157 6 0 6
14 A 151 18 B 104 187 C 79 64 D 146 65 E 80 29 F 182 90 G 180 184 H 57 26 I 70 112 J 0 0 K 40 40 L 157 183 6 0 6
17 A 119 152 B 186 173 C 50 83 D 121 140 E 180 107 F 186 56 G 113 185 H 152 43 I 128 44 J 0 0 K 140 140 ~ 189 182 5 1 6
4 A 178 26 B 123 154 C 38 39 D 81 132 E 143 1 F 136 9 G 179 4 H 12 183 I 167 49 J 0 0 K 40 140 L 61 111 7 0 7
13 A 78 53 B 120 129 C 94 43 D 115 73 E 134 83 F 75 24 G 4 20 H 173 149 I 101 178 J 0 0 K 40 140 L 131 103 7 0 7
16 A 148 48 B 131 166 C 55 83 D 140 69 E 85 39 F 114 62 G 60 5 H 49 126 I 145 197 J 0 0 K 140 140 ~ 200 94 6 1 7
19 A 18 119 B 182 148 C 40 99 D 139 46 E 180 133 x 136 80 G 60 113 H 169 152 I 135 44 J 0 0 K 140 40 L 58 157 4 3 7
20 A 18 119 B 182 182 C 65 40 D 139 46 E 180 180 F 186 80 G 63 60 z 119 152 I 135 44 J 0 0 K 140 140 L 58 58 4 4 8
18 A 178 152 B 154 173 C 38 34 D 81 140 E 143 107 x 186 56 G 4 185 H 183 89 I 167 80 J 0 0 K 140 140 L 111 182 7 2 9
24 A 18 119 B 186 182 C 65 65 D 139 46 E 180 180 F 54 186 G 63 63 z 119 152 I 135 44 J 0 0 K 140 140 L 58 58 4 5 9
27 A 78 87 t 179 131 C 94 64 D 115 55 E 83 29 F 75 90 G 4 60 H 173 26 I 101 106 J 0 0 K 140 40 L 103 2 4 5 9
21 A 152 152 B 152 173 C 83 38 D 58 140 E 107 143 F 189 56 G 185 185 H 89 89 I 44 167 J 0 0 K 140 140 L 182 111 6 4 10
22 A 18 151 B 187 124 C 35 99 D 65 146 E 13 80 F 90 182 G 184 180 H 88 104 { 162 74 J 0 0 K 140 140 L 183 183 6 4 10
23 A 53 151 B 120 187 C 94 79 D 73 65 E 83 80 F 75 90 G 4 184 H 173 26 I 101 112 J 0 0 K 140 40 L 103 183 6 4 10
25 A 34 14 B 156 131 C 83 95 D 71 140 E 39 85 F 62 114 G 138 62 H 76 49 I 24 40 J 0 0 K 140 40 L 153 2 5 5 10
36 A 16 78 B 129 131 C 94 64 D 140 55 E 85 83 F 114 75 G 4 60 H 173 173 I 40 101 J 0 0 K 40 40 L 2 103 3 7 10
30 A 34 16 B 156 129 C 95 94 D 140 100 E 85 134 F 114 0 G 62 4 H 76 173 I 40 101 J 0 0 K 140 40 L 2 184 5 6 11
33 A 119 18 B 182 182 C 40 65 D 139 46 E 180 180 F 80 186 G 60 63 H 119 119 I 135 135 J 0 0 K 140 140 L 58 58 4 7 11
35 A 166 78 B 120 129 C 94 94 D 65 115 E 80 134 F 90 75 G 184 20 H 173 173 I 101 178 J 0 0 K 140 140 L 103 103 4 7 11
26 A 166 53 B 124 187 C 99 79 D 146 73 E 128 83 F 182 75 G 180 4 H 57 26 I 74 101 J 0 0 K 140 40 ~ 107 183 7 5 12
29 A 166 53 B 124 120 C 79 94 D 65 65 E 80 80 x 113 90 G 96 184 H 57 173 I 70 101 J 0 0 K 140 140 L 157 103 7 6 13
34 A 53 151 B 124 187 C 79 79 D 146 73 E 83 80 F 182 90 G 4 184 H 57 173 I 101 101 J 0 0 K 40 40 L 183 103 6 7 13
42 A 18 119 B 186 182 C 65 40 D 139 46 E 180 180 F 54 186 G 63 63 H 119 119 I 135 135 J 0 0 K 140 140 L 58 58 4 9 13
44 A 14 16 B 131 129 C 64 94 D 71 140 E 85 85 F 114 0 G 60 62 H 49 173 I 40 40 J 0 0 } 190 40 L 103 184 4 9 13
28 s 198 48 B 165 166 C 95 88 D 140 71 E 85 26 F 83 108 G 62 5 H 154 76 I 145 24 J 0 0 K 40 140 L 2 153 8 6 14
32 A 178 152 B 173 152 C 38 38 D 140 58 E 107 143 F 186 189 G 185 185 H 89 89 { 130 44 J 0 0 K 140 140 L 111 111 7 7 14
37 A 151 18 B 187 124 C 94 35 D 65 65 E 80 80 F 75 90 G 184 180 H 173 104 I 101 74 J 0 0 K 40 140 L 183 183 6 8 14
38 A 14 78 B 156 131 C 95 64 D 71 140 E 39 85 F 114 75 G 62 60 H 49 173 I 24 40 J 0 0 K 140 40 L 153 103 6 8 14
39 A 53 53 B 124 124 C 94 79 D 65 146 E 80 128 F 113 75 G 96 4 H 173 57 I 70 74 J 0 0 K 140 40 ~ 153 183 6 8 14
31 A 178 198 B 154 165 C 39 88 D 132 140 E 143 85 F 9 108 G 179 5 H 12 76 I 167 24 J 0 0 } 190 40 L 61 2 8 7 15
40 A 178 178 B 173 154 C 38 34 D 140 81 E 107 143 F 189 56 G 185 185 H 89 183 I 130 80 J 0 0 K 140 140 L 111 111 7 8 15
41 A 151 53 B 124 187 C 35 79 D 65 73 E 13 80 F 182 182 G 184 4 H 104 173 I 74 101 J 0 0 K 140 40 L 183 183 6 9 15
45 A 53 53 B 124 187 C 94 79 D 65 73 E 128 128 F 75 75 G 96 180 H 173 26 I 70 101 J 0 0 K 140 140 L 153 183 6 9 15
50 A 198 178 B 165 154 C 88 38 D 71 140 E 26 107 F 108 189 G 62 185 H 76 89 I 145 80 J 0 0 K 40 140 L 153 111 4 11 15
51 s 64 198 B 131 154 C 64 39 D 71 140 E 39 143 F 114 108 G 60 5 H 173 12 I 24 24 J 0 0 K 140 40 L 103 2 4 11 15
43 A 152 178 B 152 173 C 38 34 D 140 81 w 193 107 F 186 56 G 185 185 H 89 183 I 130 80 J 0 0 K 140 140 L 111 111 7 9 16
46 A 152 152 B 152 152 C 83 38 D 140 140 E 143 143 F 189 189 y 135 185 H 89 89 I 44 130 J 0 0 K 140 140 L 111 111 6 10 16
47 A 151 166 B 187 124 C 94 79 D 65 65 E 80 80 F 75 113 G 4 184 H 26 173 I 112 70 | 50 0 K 140 140 L 183 103 6 10 16
49 A 151 16 B 187 131 C 35 64 D 65 140 E 80 85 F 75 114 G 180 60 H 104 49 I 74 40 J 0 0 } 190 40 L 183 184 6 10 16
53 A 152 178 B 152 173 C 38 38 D 140 81 E 107 107 F 189 56 G 185 185 H 89 183 I 130 130 J 0 0 K 140 140 L 111 111 4 12 16
48 A 166 53 B 187 124 C 99 79 D 146 146 E 83 128 F 75 75 G 180 96 H 26 57 I 74 74 J 0 0 K 140 140 L 107 183 7 10 17
52 A 53 151 B 187 131 C 79 35 D 65 65 E 80 80 F 182 114 G 4 60 H 104 49 I 74 74 J 0 0 K 40 190 L 183 184 6 11 17
54 A 53 18 B 187 124 C 79 94 v 196 65 E 80 80 F 90 75 G 184 184 H 173 104 I 101 101 J 0 0 K 40 140 L 103 183 5 12 17
57 A 53 119 B 187 186 C 79 65 D 73 139 E 80 180 F 182 54 G 184 63 H 173 119 I 101 135 J 0 0 K 40 140 L 183 58 4 13 17
58 A 16 166 B 131 120 C 94 94 D 71 65 E 85 80 F 0 90 G 60 96 H 49 173 I 40 101 J 0 0 K 40 140 L 103 103 4 13 17
55 A 53 78 B 131 156 C 79 64 D 65 140 E 80 85 F 182 75 G 60 62 H 49 49 I 74 40 J 0 0 K 40 140 L 183 153 7 12 19
59 A 53 78 B 156 156 C 79 95 D 65 140 E 85 39 F 182 114 G 60 62 H 49 49 I 40 40 J 0 0 K 140 140 L 183 153 7 13 20
64 A 178 178 B 152 152 C 38 38 D 81 140 E 107 107 F 56 56 G 185 185 z 139 89 I 130 80 J 0 0 K 140 140 L 111 111 4 16 20
56 A 178 198 t 102 165 C 38 95 D 58 71 E 143 26 F 189 108 G 185 62 H 89 76 I 44 145 J 0 0 K 140 140 L 111 2 8 13 21
60 A 53 166 B 124 124 C 94 79 D 73 146 E 128 128 F 75 75 G 180 180 H 173 57 I 70 74 J 0 0 } 190 140 L 183 183 7 14 21
61 A 53 78 B 156 156 C 64 95 D 65 140 E 80 85 F 182 114 G 60 62 H 49 49 I 40 40 J 0 0 K 140 140 L 183 153 7 14 21
62 A 151 78 B 124 156 C 79 79 D 65 140 E 13 80 F 182 75 y 54 60 H 104 49 I 74 40 J 0 0 K 140 140 L 183 153 6 15 21
63 A 152 178 B 152 154 C 38 38 D 140 81 E 143 143 F 189 189 G 185 185 H 89 89 I 130 80 J 0 0 K 140 140 L 111 111 7 15 22
65 A 166 166 B 187 124 C 99 94 v 196 146 E 83 128 F 75 75 G 180 180 H 57 57 I 74 74 J 0 0 K 140 140 L 107 183 7 17 24
66 A 53 178 B 131 165 C 79 38 D 65 58 E 80 26 F 182 189 G 60 62 z 154 89 I 74 44 J 0 0 K 40 140 L 184 2 7 17 24
67 A 53 78 B 156 131 C 95 64 D 65 140 E 85 80 F 182 182 G 60 62 H 49 49 I 40 74 J 0 0 K 140 40 L 153 153 7 17 24
68 A 53 53 B 156 156 C 79 79 D 140 140 E 80 39 F 75 182 G 60 62 H 49 49 I 40 40 | 50 0 K 140 140 L 183 183 6 18 24
69 A 178 152 B 165 152 C 38 38 D 58 140 E 80 143 F 182 189 G 62 185 H 154 89 I 44 80 J 0 0 K 40 140 L 2 111 7 18 25
70 A 53 78 B 156 156 u 145 79 D 65 140 E 85 80 F 182 75 G 60 60 H 49 104 I 74 40 J 0 0 K 140 140 L 153 183 7 18 25
72 A 53 53 B 131 156 C 95 79 D 65 65 E 80 39 x 132 182 G 62 60 H 49 49 I 40 40 J 0 0 K 40 140 L 153 153 6 19 25
71 A 178 152 B 165 165 C 79 38 D 65 140 E 26 80 F 189 189 G 60 185 H 89 154 I 74 80 J 0 0 K 140 40 L 2 111 7 19 26
73 A 53 78 B 156 156 C 79 79 D 140 140 E 80 85 F 182 75 G 62 60 H 49 104 I 40 40 J 50 0 K 140 140 L 183 183 7 19 26
74 A 53 53 t 106 156 C 64 79 D 140 140 E 80 80 F 114 75 G 62 60 H 49 49 I 40 40 J 0 50 K 140 140 L 183 183 6 20 26
75 A 152 53 B 152 131 C 38 79 D 81 58 E 143 26 F 189 189 G 185 60 H 89 89 { 180 74 J 0 0 K 140 40 L 111 2 6 20 26
78 A 152 152 B 131 152 C 38 38 v 131 140 E 26 143 F 189 189 G 60 185 H 89 89 I 74 130 J 0 0 K 140 140 L 111 111 6 21 27
83 s 103 78 B 156 156 C 64 79 D 65 140 E 80 85 F 114 114 G 62 62 H 49 49 I 40 40 J 0 0 K 140 140 L 153 183 4 23 27
76 A 78 53 B 156 156 C 64 79 D 65 140 E 85 80 F 182 114 G 60 62 H 49 49 I 40 40 J 0 50 K 140 140 L 153 183 7 21 28
77 A 178 178 B 152 165 C 38 38 D 140 140 E 143 26 F 182 189 G 62 185 H 154 89 I 80 80 J 0 0 K 140 140 L 111 111 7 21 28
79 A 152 152 B 152 131 C 38 38 D 81 140 E 143 26 F 189 189 G 185 60 H 89 89 I 130 130 | 50 0 K 140 140 L 111 111 6 22 28
81 A 53 53 B 156 156 C 64 79 D 140 65 E 80 80 F 75 114 G 62 62 H 49 49 I 40 40 J 0 0 K 140 140 L 183 153 6 22 28
87 A 53 103 B 156 156 C 79 79 D 140 140 E 80 80 F 114 114 G 62 62 H 49 49 I 40 40 J 0 0 K 140 140 L 153 183 4 24 28
80 A 78 53 B 156 156 C 79 79 D 65 140 E 85 80 F 182 182 G 60 60 z 154 49 I 74 40 J 0 50 K 140 140 L 183 183 7 22 29
82 A 53 78 B 106 156 C 79 79 D 140 65 E 80 80 F 75 182 G 60 60 H 49 154 I 40 40 J 50 50 } 190 140 L 183 183 7 23 30
84 A 53 178 B 131 131 C 95 79 D 65 65 E 80 26 F 182 189 G 60 62 z 99 89 I 74 74 J 0 0 K 140 140 L 153 184 7 24 31
85 A 178 178 B 165 152 C 38 38 D 65 140 E 26 143 F 189 182 G 185 185 H 89 89 I 80 80 J 0 0 K 40 140 L 111 2 7 24 31
86 A 53 78 t 156 156 C 64 79 D 140 140 E 80 80 F 75 182 G 62 60 H 49 154 I 40 40 J 50 50 K 140 140 L 183 183 7 24 31
90 A 53 53 B 106 156 C 79 64 D 140 140 E 80 80 F 114 114 G 62 62 H 49 49 I 40 40 J 0 0 K 140 140 L 183 183 6 25 31
88 A 178 152 B 152 131 u 88 38 D 140 140 E 143 26 F 189 189 G 62 60 H 154 89 I 44 130 J 0 0 K 40 140 L 2 111 7 25 32
89 A 53 78 B 156 156 C 145 64 D 140 140 E 80 80 F 75 75 G 60 62 H 49 154 I 40 40 J 0 50 K 140 140 L 153 183 7 25 32
97 s 103 78 B 156 156 C 79 145 D 140 140 E 80 80 F 182 75 G 60 62 H 49 154 I 40 40 J 50 50 K 140 140 L 183 183 4 28 32
91 A 53 78 B 156 156 C 64 64 D 140 65 E 80 80 x 164 114 G 60 62 H 49 49 I 40 40 J 50 0 K 140 140 L 183 183 7 26 33
92 A 178 178 B 165 165 C 38 38 D 65 140 E 26 26 F 189 189 G 185 185 H 89 89 I 80 80 J 0 0 K 40 40 L 111 111 7 26 33
93 A 178 152 B 152 152 C 88 38 D 140 140 E 143 26 F 189 189 G 62 60 H 154 89 I 44 74 | 50 0 K 140 140 L 111 111 7 26 33
102 A 53 103 B 156 156 C 64 145 D 65 140 E 80 80 F 75 75 G 62 62 H 49 154 I 40 40 J 50 50 K 140 140 L 183 183 4 29 33
94 A 53 178 B 131 165 C 95 38 v 115 65 E 26 26 F 189 189 G 62 185 H 99 89 I 74 80 J 0 0 K 140 40 L 153 111 7 27 34
96 A 152 152 B 152 152 u 88 38 D 81 140 E 143 143 F 189 189 G 185 60 H 89 154 I 130 130 J 50 0 K 140 140 L 111 111 6 28 34
98 A 53 53 B 156 156 C 64 64 D 140 65 E 80 85 F 75 114 G 62 62 H 49 49 I 40 40 J 0 50 K 140 140 L 183 183 6 28 34
100 A 53 53 B 156 156 C 79 64 D 140 140 E 80 80 F 182 164 G 62 62 H 49 49 I 40 40 J 50 50 K 140 140 L 183 183 6 28 34
95 A 178 178 B 165 165 C 38 38 D 140 115 E 26 26 F 182 189 G 62 185 H 89 89 I 80 74 J 0 0 K 140 140 L 111 111 7 28 35
99 A 178 178 B 165 131 C 38 79 D 65 65 E 26 80 F 182 182 G 185 62 H 89 99 I 80 74 J 0 0 K 140 140 L 111 184 7 28 35
108 A 103 53 B 156 156 C 145 64 D 140 65 E 80 80 F 182 75 G 62 62 z 99 49 I 40 40 J 50 50 K 140 140 L 183 183 4 31 35
101 A 53 178 B 106 152 C 79 88 D 140 140 E 80 143 F 182 189 G 60 60 H 49 89 I 40 130 J 50 0 K 190 140 ~ 133 2 7 29 36
103 A 53 53 B 156 156 C 64 64 D 140 65 E 80 80 F 114 114 G 62 62 H 49 49 { 90 40 J 0 50 K 140 140 L 183 183 6 30 36
114 A 53 53 B 152 106 C 79 88 D 140 140 E 143 80 F 182 189 G 60 185 H 89 154 I 130 130 J 50 0 K 140 140 L 2 2 3 33 36
104 A 78 53 B 156 156 C 64 64 D 140 140 E 80 80 x 164 75 G 62 62 H 49 154 I 40 40 J 50 50 K 140 140 L 183 183 7 30 37
107 A 152 53 B 152 106 C 88 79 D 140 140 E 143 80 F 189 182 G 185 60 H 154 49 I 130 40 J 50 0 K 140 140 L 111 2 6 31 37
110 A 53 53 B 156 156 C 64 64 D 140 65 E 80 80 F 164 114 G 62 62 H 49 49 I 40 40 J 50 0 K 140 140 L 183 183 6 31 37
105 A 178 53 B 165 131 C 38 79 D 140 65 w 76 26 F 189 189 G 185 62 H 89 99 I 80 74 J 0 0 K 40 140 L 2 184 7 31 38
106 A 178 178 B 165 131 C 38 95 D 140 65 E 26 26 F 189 189 G 185 62 H 89 89 I 80 74 J 0 0 K 40 140 L 111 111 7 31 38
109 A 178 53 B 165 156 C 38 64 D 65 140 E 26 80 F 182 164 G 62 62 z 139 154 I 80 40 J 0 50 K 140 140 L 111 183 7 31 38
111 A 53 53 B 106 156 C 88 64 D 140 65 E 80 80 F 189 114 G 60 62 H 154 49 I 40 40 J 0 0 K 140 140 L 111 183 6 32 38
112 A 53 53 B 156 156 C 145 64 D 140 65 E 80 80 F 182 75 G 62 62 z 99 49 I 40 40 J 50 50 K 140 140 L 183 183 6 32 38
113 A 53 53 B 156 156 C 64 64 D 65 140 w 130 80 F 75 114 G 62 62 H 49 49 I 40 90 J 50 50 K 140 140 L 183 183 6 33 39
115 A 53 53 B 156 156 C 64 145 D 65 65 E 80 80 F 164 182 G 62 62 z 99 49 I 40 40 J 0 50 K 140 140 L 183 183 6 33 39
116 A 53 53 B 106 156 C 88 64 D 65 140 E 80 80 F 189 164 G 62 60 H 49 49 I 40 40 J 0 0 } 190 140 L 183 183 6 33 39
118 A 53 53 B 156 156 C 64 38 D 140 140 E 80 26 F 182 182 G 62 62 H 49 139 I 40 40 | 100 0 K 140 140 L 183 183 6 34 40
120 A 53 53 B 156 156 C 64 64 D 65 65 E 80 80 F 114 75 G 62 62 H 49 99 I 40 40 J 0 50 K 140 140 L 183 183 6 34 40
117 A 178 53 B 165 131 C 38 95 D 140 65 E 26 26 F 189 189 G 185 185 H 89 99 I 80 74 J 0 0 K 140 140 L 111 111 7 34 41
119 A 78 178 B 156 131 C 64 79 D 140 65 E 80 26 F 75 182 G 62 62 H 154 89 I 40 74 J 50 0 K 140 140 ~ 133 184 7 34 41
121 A 53 53 B 156 156 C 64 64 D 65 65 E 80 130 F 114 75 G 62 62 H 49 49 I 90 40 J 0 50 K 140 140 L 183 183 6 35 41
123 A 53 53 B 156 156 C 64 145 D 140 140 E 80 80 F 114 182 G 62 62 H 49 49 I 40 40 J 0 50 K 140 140 L 183 183 6 35 41
124 A 53 53 B 156 152 C 64 79 D 65 140 E 80 80 F 114 189 G 62 185 H 49 154 I 40 130 J 0 50 } 190 140 L 111 2 6 35 41
122 A 178 178 B 165 165 C 38 38 D 140 115 E 26 26 F 189 189 y 112 185 H 89 89 I 74 80 J 0 0 K 40 140 L 111 111 7 35 42
125 A 178 53 B 156 156 C 64 64 D 140 140 E 80 80 F 182 75 G 62 62 H 89 154 I 74 40 J 0 50 K 140 140 ~ 183 183 7 35 42
127 A 53 53 B 156 156 C 145 145 D 140 140 E 80 80 F 75 182 G 62 62 H 99 49 I 40 40 J 50 0 } 190 140 L 183 183 6 36 42
128 A 53 53 B 156 156 C 64 145 D 65 65 E 80 80 F 189 182 G 60 62 H 49 49 I 40 40 J 0 0 K 140 140 L 183 183 6 36 42
129 A 53 53 B 156 165 C 64 38 D 140 140 E 80 80 F 182 182 G 62 62 H 89 139 I 40 40 J 50 50 K 140 140 L 183 183 6 36 42
126 A 178 78 B 165 156 C 79 79 D 140 65 E 26 80 F 189 182 G 185 62 H 99 89 I 74 74 J 0 50 K 40 140 L 184 184 7 36 43
130 A 53 53 B 156 156 C 64 145 D 140 140 E 80 80 F 182 114 G 62 62 H 99 49 I 40 40 J 50 0 K 140 140 L 183 183 6 37 43
131 A 53 152 B 106 152 C 88 79 D 140 140 E 80 80 F 164 182 G 60 60 H 49 154 I 40 130 J 0 0 K 140 140 L 183 2 6 37 43
132 A 53 53 B 152 131 C 64 95 D 140 65 E 80 26 F 114 189 G 62 185 H 154 89 I 130 80 J 50 0 K 190 140 L 2 111 6 37 43
134 A 53 53 B 156 156 C 145 64 D 65 140 E 80 80 F 189 114 G 60 62 H 49 49 I 40 40 J 0 0 K 140 140 L 183 183 6 37 43
133 A 178 53 B 156 156 C 64 64 D 140 65 E 80 80 F 182 182 y 112 62 H 89 154 I 40 40 J 50 50 K 140 140 L 183 183 7 37 44
136 A 53 53 B 156 106 C 38 88 D 140 140 E 80 80 F 182 114 G 62 62 H 49 49 I 40 40 J 0 0 K 140 140 L 183 183 6 38 44
137 A 53 53 B 156 156 C 64 145 D 65 65 E 80 80 F 114 182 G 62 62 H 99 99 I 40 40 J 0 50 K 140 140 L 183 183 6 38 44
135 A 178 178 B 156 156 C 38 64 D 65 140 E 80 80 F 182 75 G 62 62 H 139 154 I 80 40 J 50 0 K 140 140 L 111 183 7 38 45
138 A 53 178 B 152 165 C 64 38 D 65 115 E 26 26 F 114 189 G 185 112 H 154 89 I 80 74 J 50 0 K 140 140 ~ 161 111 7 38 45
139 A 53 53 B 156 156 C 38 64 D 140 140 E 26 80 F 182 75 G 62 62 H 49 154 I 40 40 J 0 0 K 140 140 L 183 183 6 39 45
142 A 53 53 B 156 156 C 145 64 D 65 65 E 80 80 F 189 75 G 62 62 H 49 49 I 40 40 J 0 0 K 140 140 ~ 133 183 6 39 45
140 A 178 78 B 156 156 C 64 79 D 140 65 E 80 80 F 75 182 G 62 62 H 154 99 I 74 74 J 50 0 K 140 140 L 184 184 7 39 46
141 A 178 53 B 165 131 C 38 95 D 115 65 E 26 26 F 189 189 G 185 185 H 89 89 I 80 80 J 0 0 K 140 140 L 111 111 7 39 46
144 A 53 53 B 156 156 C 145 64 D 65 65 E 80 80 F 114 75 G 62 62 H 49 99 I 40 40 | 50 50 K 140 140 L 183 183 6 40 46
147 A 53 53 B 156 156 C 64 145 D 65 140 E 80 80 F 75 75 G 62 62 H 49 49 I 40 40 J 0 0 K 140 140 L 133 183 6 40 46
143 A 178 178 B 131 156 C 64 79 v 115 65 E 80 26 F 75 182 G 62 185 H 154 89 I 74 74 J 0 0 K 140 140 L 133 184 7 40 47
145 A 178 78 B 156 156 C 64 64 D 65 140 E 80 80 F 182 182 G 62 62 H 139 154 I 40 74 J 0 0 K 140 140 L 111 184 7 40 47
146 A 178 178 B 152 131 C 64 38 D 115 115 E 26 26 F 189 189 G 112 185 H 154 89 I 74 80 J 0 0 K 140 140 L 111 111 7 40 47
148 A 53 53 B 156 156 C 64 38 D 140 140 E 80 26 F 182 75 G 62 62 H 154 154 I 40 40 J 0 0 K 140 140 L 183 183 6 41 47
149 A 53 53 B 156 156 C 145 145 D 140 140 E 80 80 F 182 182 G 62 62 H 99 49 I 40 40 J 50 50 K 190 140 L 183 183 6 41 47
150 A 53 178 B 165 156 C 38 64 D 140 140 E 80 80 F 182 75 G 62 62 H 89 154 I 40 74 J 50 0 K 140 140 L 183 184 7 41 48
151 A 178 78 t 106 165 C 79 79 D 65 65 E 80 26 F 75 182 G 62 185 H 154 99 I 74 74 J 0 50 K 140 140 L 184 184 7 41 48
153 A 53 53 B 156 156 C 64 64 D 65 65 E 80 80 F 189 182 G 60 62 H 49 99 I 40 40 J 0 0 K 140 140 L 183 183 6 42 48
154 A 53 53 B 156 156 C 145 145 D 65 140 E 80 80 F 75 114 G 62 62 H 49 49 { 90 40 J 0 50 K 140 140 L 133 183 6 42 48
152 A 178 178 B 165 165 C 38 38 D 115 65 E 26 26 F 189 189 G 185 185 H 89 89 I 80 80 J 0 0 K 140 140 L 111 111 7 42 49
155 A 178 178 B 156 156 C 79 79 D 65 140 E 80 80 F 189 182 G 62 62 H 89 99 I 74 74 J 50 50 K 40 140 ~ 134 184 7 43 50
156 A 53 178 t 156 156 C 38 38 D 140 65 E 80 80 F 182 75 G 62 62 H 49 154 I 40 80 J 0 0 K 140 140 L 183 111 7 43 50
157 A 178 178 B 131 106 u 129 79 D 115 65 E 80 26 F 182 182 G 62 62 H 154 99 I 74 74 J 0 50 K 140 140 L 184 184 7 43 50
158 A 178 178 B 156 165 C 64 38 D 65 140 E 80 80 F 182 75 G 62 62 H 139 89 I 40 40 J 0 0 K 140 140 L 184 184 7 43 50
159 A 178 178 B 156 156 C 38 79 D 140 65 E 80 80 F 75 189 G 62 62 H 139 99 I 40 74 J 0 50 K 140 140 L 111 134 6 44 50
160 A 178 178 t 102 131 C 38 38 D 65 115 E 26 26 F 114 189 G 112 185 H 89 89 I 74 80 J 50 0 K 140 140 L 111 111 6 44 50
161 A 78 178 B 165 152 C 79 38 D 65 65 E 80 26 F 182 189 G 62 185 H 99 154 I 74 74 J 50 50 K 140 140 L 184 111 5 45 50
162 A 178 53 B 156 165 C 64 38 D 65 140 E 80 80 F 182 182 G 62 62 H 139 89 I 40 74 J 0 0 K 140 140 L 184 184 5 45 50
163 A 178 53 B 156 156 C 38 38 D 140 140 E 80 80 F 189 182 G 62 62 H 139 154 I 74 80 J 50 0 K 140 140 L 111 183 5 45 50
164 s 103 53 B 156 156 C 64 145 D 65 140 E 80 80 F 75 75 G 62 62 H 49 49 I 40 40 J 50 0 K 140 140 L 183 183 4 46 50
165 A 178 178 B 152 165 C 38 38 D 115 115 E 26 26 F 189 189 G 112 185 H 154 89 I 80 80 J 0 0 K 140 140 L 111 111 4 46 50
166 A 53 53 B 156 156 C 64 64 D 140 140 E 80 26 F 75 182 G 62 62 H 49 154 I 40 40 J 0 0 K 140 140 L 183 183 4 46 50
167 A 178 53 B 156 156 u 88 64 D 65 140 E 80 80 F 182 182 G 62 62 H 89 154 I 40 40 J 0 50 K 140 140 L 184 184 4 46 50
168 A 53 78 B 165 106 C 38 79 D 140 65 E 80 26 F 182 75 G 62 185 H 139 154 I 40 74 | 50 0 K 140 140 L 184 184 4 46 50
169 A 53 53 B 156 156 C 38 145 D 140 65 E 80 80 F 182 114 G 62 62 H 154 49 I 40 90 J 0 0 K 140 140 L 183 133 3 47 50
170 A 178 178 B 165 131 C 38 129 D 65 115 E 26 80 F 189 182 G 185 62 H 89 154 I 80 74 J 0 50 K 140 140 L 111 184 3 47 50
171 A 178 178 B 156 156 C 79 79 D 140 140 E 80 80 F 189 189 G 62 62 H 89 99 I 74 40 J 50 0 K 140 140 L 184 111 3 47 50
172 A 178 178 B 165 156 C 64 38 D 65 140 E 80 80 F 182 182 G 62 62 H 89 154 I 40 74 J 0 0 K 140 140 L 184 183 3 47 50
173 A 178 78 B 165 165 C 38 79 v 190 65 E 80 26 F 182 75 G 62 185 H 139 99 I 74 74 J 0 50 K 140 140 L 184 184 3 47 50
174 A 53 53 B 156 156 C 145 38 v 115 65 E 80 80 F 114 114 G 62 62 H 49 49 I 40 90 J 0 0 K 140 140 L 183 133 2 48 50
175 A 178 178 B 156 165 C 79 38 D 140 140 E 80 80 F 182 182 G 62 62 H 99 154 I 74 74 J 50 0 K 140 140 L 134 184 2 48 50
176 s 103 178 B 156 156 C 38 38 D 140 65 E 80 80 F 75 189 G 62 62 H 49 99 I 80 40 J 0 0 K 140 140 L 111 134 2 48 50
177 A 178 178 B 156 165 C 79 38 D 65 140 E 80 80 F 182 182 G 62 62 H 99 99 I 74 74 J 50 0 K 140 140 L 184 134 1 49 50
178 A 178 103 B 156 156 C 79 38 D 140 140 E 80 80 F 189 189 G 62 62 H 139 49 I 74 40 J 0 0 K 140 140 L 134 111 1 49 50
179 A 53 53 B 156 156 C 64 38 D 140 140 E 80 80 F 75 182 G 62 62 H 154 154 I 40 40 J 0 0 K 140 140 ~ 133 183 1 49 50
180 A 53 178 B 156 156 C 88 64 D 140 65 E 80 80 F 182 75 y 112 62 H 89 89 I 40 40 J 50 0 K 140 140 L 184 184 1 49 50
181 A 178 78 B 165 106 C 38 79 D 140 140 E 80 80 F 182 182 G 62 62 H 89 139 I 74 74 J 0 0 K 140 140 L 184 184 1 49 50
