1 A 96 74 B 60 60 C 0 0 D 174 167 E 157 11 F 63 165 G 145 125 H 23 139 I 94 93 J 199 99 K 174 39 L 6 104 4 0 4
9 A 71 91 B 60 60 C 0 0 D 186 178 E 139 130 F 12 67 G 146 133 H 178 62 I 8 132 J 199 99 K 175 154 L 107 107 4 0 4
0 A 95 96 B 60 60 C 0 0 D 152 153 E 69 100 F 83 71 G 130 87 H 163 138 I 111 188 J 99 199 K 151 70 L 185 48 5 0 5
2 A 82 76 B 60 60 C 0 0 D 168 184 E 63 129 F 12 96 G 178 194 H 48 199 I 169 63 J 99 99 K 2 30 L 52 140 5 0 5
3 A 89 72 B 60 60 C 0 0 D 162 194 E 8 139 F 33 123 G 138 26 H 20 133 I 60 133 J 99 99 K 56 134 L 62 58 5 0 5
4 A 75 84 B 60 60 C 0 0 D 160 149 E 30 171 F 196 19 G 2 108 H 2 11 I 93 95 J 99 99 K 33 49 L 182 199 5 0 5
5 A 76 95 B 60 60 C 0 0 D 189 197 E 31 138 F 37 153 G 166 20 H 40 111 I 24 33 J 199 99 K 115 47 L 41 145 5 0 5
6 A 75 81 B 60 60 C 0 0 D 192 161 E 11 129 F 171 53 G 30 148 H 41 16 I 104 196 J 199 199 K 36 79 L 159 183 5 0 5
7 A 74 86 B 60 60 C 0 0 D 151 191 E 40 40 F 69 15 G 147 177 H 74 157 I 40 46 J 99 99 K 121 28 L 31 135 5 0 5
8 A 98 91 B 60 60 C 0 0 D 171 187 E 149 123 F 31 90 G 14 164 H 20 105 I 67 8 J 199 199 K 90 148 L 25 188 5 0 5
10 A 94 72 B 60 60 C 0 0 D 152 172 E 67 91 F 116 80 G 132 151 H 3 113 I 78 86 J 99 199 K 141 138 L 181 178 5 0 5
12 A 95 96 B 60 60 C 0 0 D 152 174 E 100 11 F 71 63 G 130 145 H 138 23 I 111 94 J 199 99 K 70 174 L 185 6 5 0 5
13 A 72 75 B 60 60 C 0 0 D 194 160 E 139 171 F 33 19 G 26 108 H 133 2 I 133 95 J 99 99 K 56 33 L 62 199 5 0 5
14 A 76 75 B 60 60 C 0 0 D 189 161 E 31 129 F 37 53 G 166 148 H 40 41 I 24 196 J 199 199 K 47 36 L 41 183 5 0 5
15 A 91 94 B 60 60 C 0 0 D 186 172 E 139 67 F 67 116 G 146 151 H 178 3 I 8 78 J 99 199 K 154 138 L 107 181 5 0 5
16 A 72 84 B 60 60 C 0 0 D 162 160 E 8 171 F 123 19 G 138 2 H 20 2 I 60 93 J 99 99 K 134 33 L 62 199 4 1 5
17 A 86 98 B 60 60 C 0 0 D 191 171 E 40 123 F 69 90 G 177 14 H 157 20 I 40 8 J 99 199 K 121 148 L 135 25 4 1 5
18 A 75 76 B 60 60 C 0 0 D 149 189 E 171 138 F 196 37 G 108 166 H 2 40 I 93 33 J 99 199 K 49 47 L 199 145 3 2 5
19 A 96 72 B 60 60 C 0 0 D 152 162 E 11 139 F 71 33 G 130 26 H 138 20 I 111 60 J 199 99 K 174 134 L 6 62 3 2 5
20 A 75 91 B 60 60 C 0 0 D 189 171 E 129 123 F 37 90 G 148 164 H 41 105 I 196 67 J 199 199 K 36 90 L 41 188 3 2 5
21 A 75 75 B 60 60 C 0 0 D 160 160 E 30 139 F 196 19 G 2 26 H 2 2 I 93 133 J 99 99 K 33 33 L 182 62 2 3 5
22 A 74 75 B 60 60 C 0 0 D 191 189 E 40 129 F 15 37 G 177 148 H 157 105 I 40 67 J 99 199 K 121 36 L 135 41 2 3 5
23 A 72 96 B 60 60 C 0 0 D 160 152 E 171 139 F 19 71 G 2 130 H 20 20 I 93 60 J 99 99 K 134 174 L 62 6 2 3 5
24 A 82 96 B 60 60 C 0 0 D 168 167 E 63 157 F 12 165 G 194 145 H 48 139 I 169 93 J 99 199 K 30 39 L 52 104 1 4 5
25 A 75 75 B 60 60 C 0 0 D 160 194 E 171 171 F 196 19 G 108 108 H 11 2 I 93 95 J 99 99 K 49 33 L 182 199 1 4 5
26 A 74 91 B 60 60 C 0 0 D 151 189 E 40 129 F 15 37 G 177 148 H 157 105 I 46 67 J 99 199 K 28 36 L 135 41 1 4 5
27 A 76 75 B 60 60 C 0 0 D 189 189 E 129 138 F 37 196 G 166 108 H 41 40 I 24 93 J 199 199 K 47 49 L 183 199 1 4 5
28 A 94 94 B 60 60 C 0 0 D 172 172 E 139 67 F 67 80 G 151 151 H 3 113 I 78 78 J 99 99 K 138 138 L 181 178 1 4 5
29 A 72 72 B 60 60 C 0 0 D 160 162 E 8 11 F 123 71 G 2 26 H 20 138 I 60 60 J 99 99 K 33 134 L 62 62 1 4 5
